Start_Pos	End_Pos	Discriminant_Value	Distance from cutoff
383	478	0.190038	-0.0499622
384	479	0.190305	-0.0496951
385	480	0.190583	-0.0494171
386	481	0.19073	-0.0492697
387	482	0.190889	-0.0491107
388	483	0.190994	-0.0490059
389	484	0.190926	-0.0490744
390	485	0.190712	-0.0492876
391	486	0.190578	-0.0494222
392	487	0.190384	-0.049616
393	488	0.19024	-0.04976
394	489	0.190001	-0.0499993
466	561	0.190035	-0.0499651
467	562	0.190148	-0.0498522
468	563	0.190308	-0.0496919
469	564	0.190453	-0.0495468
470	565	0.190424	-0.0495757
471	566	0.190345	-0.0496548
472	567	0.190213	-0.0497872
1307	1402	0.190094	-0.0499059
1308	1403	0.191952	-0.0480475
1309	1404	0.193697	-0.046303
1310	1405	0.195501	-0.0444987
1311	1406	0.197083	-0.0429166
1312	1407	0.198479	-0.0415212
1313	1408	0.199836	-0.0401636
1314	1409	0.201088	-0.0389123
1315	1410	0.202297	-0.0377026
1316	1411	0.203427	-0.0365728
1317	1412	0.204369	-0.0356306
1318	1413	0.205251	-0.0347489
1319	1414	0.206117	-0.0338834
1320	1415	0.206781	-0.0332194
1321	1416	0.207363	-0.0326369
1322	1417	0.207829	-0.0321708
1323	1418	0.208216	-0.0317837
1324	1419	0.208527	-0.031473
1325	1420	0.208702	-0.0312983
1326	1421	0.208894	-0.031106
1327	1422	0.209001	-0.0309994
1328	1423	0.20881	-0.0311901
1329	1424	0.212807	-0.0271928
1330	1425	0.216835	-0.0231649
1331	1426	0.220428	-0.0195723
1332	1427	0.223337	-0.0166628
1333	1428	0.225856	-0.0141439
1334	1429	0.2279	-0.0121005
1335	1430	0.22966	-0.0103397
1336	1431	0.230861	-0.00913855
1337	1432	0.231323	-0.00867704
1338	1433	0.232063	-0.00793687
1339	1434	0.232959	-0.00704125
1340	1435	0.233501	-0.00649886
1341	1436	0.233582	-0.00641803
1342	1437	0.233133	-0.00686662
1343	1438	0.231986	-0.00801402
1344	1439	0.230222	-0.00977777
1345	1440	0.228152	-0.0118483
1346	1441	0.226151	-0.0138489
1347	1442	0.224108	-0.0158923
1348	1443	0.221266	-0.0187338
1349	1444	0.217919	-0.0220811
1350	1445	0.214327	-0.0256732
1351	1446	0.21054	-0.0294596
1352	1447	0.206289	-0.0337113
1353	1448	0.201716	-0.0382839
1354	1449	0.197032	-0.0429683
1355	1450	0.192204	-0.0477964
1512	1607	0.190435	-0.0495655
1513	1608	0.191295	-0.0487054
1514	1609	0.191586	-0.0484145
1515	1610	0.191406	-0.0485936
1516	1611	0.190927	-0.049073
1517	1612	0.190099	-0.0499015
1876	1971	0.190525	-0.0494751
1877	1972	0.191207	-0.0487928
1878	1973	0.191836	-0.0481645
1879	1974	0.192379	-0.0476212
1880	1975	0.192857	-0.0471431
1881	1976	0.193284	-0.0467155
1882	1977	0.193541	-0.0464586
1883	1978	0.193985	-0.0460154
1884	1979	0.194429	-0.0455712
1885	1980	0.194853	-0.0451473
1886	1981	0.195184	-0.0448157
1887	1982	0.195436	-0.0445637
1888	1983	0.195449	-0.0445514
1889	1984	0.198071	-0.0419286
1890	1985	0.200606	-0.0393944
1891	1986	0.202589	-0.0374108
1892	1987	0.204199	-0.0358007
1893	1988	0.205468	-0.0345318
1894	1989	0.206598	-0.0334015
1895	1990	0.207172	-0.0328276
1896	1991	0.207048	-0.0329523
1897	1992	0.207117	-0.0328835
1898	1993	0.206832	-0.0331683
1899	1994	0.206233	-0.0337666
1900	1995	0.205549	-0.0344514
1901	1996	0.204551	-0.0354491
1902	1997	0.20327	-0.0367299
1903	1998	0.201719	-0.0382806
1904	1999	0.199768	-0.0402317
1905	2000	0.197957	-0.0420434
1906	2001	0.196113	-0.0438866
1907	2002	0.193996	-0.0460039
1908	2003	0.191386	-0.0486138
2448	2543	0.190145	-0.0498549
2449	2544	0.191596	-0.0484044
2450	2545	0.192878	-0.0471221
2451	2546	0.194118	-0.0458816
2452	2547	0.195314	-0.0446861
2453	2548	0.196287	-0.0437126
2454	2549	0.197183	-0.0428167
2455	2550	0.19838	-0.0416199
2456	2551	0.199323	-0.0406767
2457	2552	0.200241	-0.0397586
2458	2553	0.201136	-0.0388641
2459	2554	0.202037	-0.0379634
2460	2555	0.202852	-0.037148
2461	2556	0.203446	-0.0365536
2462	2557	0.204115	-0.0358849
2463	2558	0.204654	-0.0353462
2464	2559	0.205175	-0.0348253
2465	2560	0.205498	-0.0345017
2466	2561	0.205652	-0.0343479
2467	2562	0.205928	-0.0340724
2468	2563	0.20605	-0.0339499
2469	2564	0.20593	-0.0340705
2470	2565	0.2059	-0.0340996
2471	2566	0.205737	-0.034263
2472	2567	0.205594	-0.0344056
2473	2568	0.205453	-0.0345466
2474	2569	0.205262	-0.0347384
2475	2570	0.204835	-0.0351654
2476	2571	0.204317	-0.0356835
2477	2572	0.204026	-0.0359743
2478	2573	0.203686	-0.0363137
2479	2574	0.203362	-0.0366378
2480	2575	0.203015	-0.0369847
2481	2576	0.202554	-0.0374457
2482	2577	0.201941	-0.0380593
2483	2578	0.201231	-0.0387695
2484	2579	0.200569	-0.0394315
2485	2580	0.1998	-0.0401998
2486	2581	0.199013	-0.0409867
2487	2582	0.198327	-0.0416728
2488	2583	0.197481	-0.0425194
2489	2584	0.196515	-0.043485
2490	2585	0.195508	-0.0444916
2491	2586	0.194537	-0.045463
2492	2587	0.193592	-0.0464085
2493	2588	0.192787	-0.0472134
2494	2589	0.191948	-0.0480519
2495	2590	0.190958	-0.049042
2496	2591	0.19009	-0.0499101
2985	3080	0.190457	-0.0495432
2986	3081	0.190932	-0.049068
2987	3082	0.191182	-0.0488176
2988	3083	0.191487	-0.0485127
2989	3084	0.191687	-0.0483131
2990	3085	0.191921	-0.048079
2991	3086	0.191879	-0.0481211
2992	3087	0.191937	-0.0480631
2993	3088	0.192038	-0.0479618
2994	3089	0.192306	-0.0476937
2995	3090	0.192556	-0.0474445
2996	3091	0.192729	-0.0472708
2997	3092	0.192845	-0.0471551
2998	3093	0.192919	-0.0470809
2999	3094	0.193013	-0.0469869
3000	3095	0.193054	-0.0469462
3001	3096	0.193148	-0.0468521
3002	3097	0.19294	-0.0470596
3003	3098	0.192837	-0.0471626
3004	3099	0.192643	-0.0473566
3005	3100	0.192637	-0.0473628
3006	3101	0.19268	-0.0473203
3007	3102	0.192687	-0.0473131
3008	3103	0.192571	-0.0474292
3009	3104	0.192258	-0.0477417
3010	3105	0.191979	-0.0480207
3011	3106	0.191713	-0.0482871
3012	3107	0.191481	-0.0485192
3013	3108	0.191052	-0.0489478
3014	3109	0.190594	-0.0494055
3015	3110	0.190102	-0.0498981
3096	3191	0.192949	-0.0470513
3097	3192	0.199902	-0.040098
3098	3193	0.20624	-0.0337604
3099	3194	0.211788	-0.0282118
3100	3195	0.216111	-0.023889
3101	3196	0.219527	-0.0204729
3102	3197	0.221983	-0.0180168
3103	3198	0.223466	-0.0165343
3104	3199	0.224223	-0.0157768
3105	3200	0.22492	-0.0150802
3106	3201	0.224873	-0.0151265
3107	3202	0.22409	-0.0159099
3108	3203	0.222461	-0.0175395
3109	3204	0.220938	-0.0190619
3110	3205	0.218746	-0.0212539
3111	3206	0.2159	-0.0240997
3112	3207	0.212505	-0.0274953
3113	3208	0.207694	-0.032306
3114	3209	0.202319	-0.0376807
3115	3210	0.196322	-0.0436783
3265	3360	0.190099	-0.0499009
3266	3361	0.194418	-0.045582
3267	3362	0.198403	-0.041597
3268	3363	0.202105	-0.0378955
3269	3364	0.205505	-0.0344953
3270	3365	0.208659	-0.0313412
3271	3366	0.211564	-0.0284356
3272	3367	0.214398	-0.0256018
3273	3368	0.216867	-0.0231325
3274	3369	0.218876	-0.0211236
3275	3370	0.220482	-0.0195184
3276	3371	0.221905	-0.0180953
3277	3372	0.222969	-0.0170311
3278	3373	0.223781	-0.0162186
3279	3374	0.224358	-0.015642
3280	3375	0.224751	-0.0152492
3281	3376	0.225764	-0.0142357
3282	3377	0.226361	-0.0136387
3283	3378	0.226422	-0.0135783
3284	3379	0.226251	-0.0137494
3285	3380	0.225713	-0.0142866
3286	3381	0.224818	-0.0151819
3287	3382	0.223562	-0.0164385
3288	3383	0.221947	-0.0180526
3289	3384	0.219459	-0.0205415
3290	3385	0.216372	-0.0236284
3291	3386	0.213031	-0.0269689
3292	3387	0.209398	-0.0306017
3293	3388	0.205018	-0.0349817
3294	3389	0.204612	-0.0353882
3295	3390	0.204212	-0.0357881
3296	3391	0.203665	-0.0363346
3297	3392	0.203173	-0.0368273
3298	3393	0.202604	-0.0373965
3299	3394	0.202125	-0.0378753
3300	3395	0.201688	-0.0383118
3301	3396	0.201259	-0.0387409
3302	3397	0.200911	-0.0390889
3303	3398	0.200462	-0.0395385
3304	3399	0.199992	-0.0400077
3305	3400	0.199439	-0.0405613
3306	3401	0.198971	-0.0410286
3307	3402	0.198691	-0.0413089
3308	3403	0.198457	-0.041543
3309	3404	0.198348	-0.041652
3310	3405	0.198213	-0.0417873
3311	3406	0.198032	-0.0419681
3312	3407	0.197966	-0.0420342
3313	3408	0.197897	-0.0421031
3314	3409	0.197986	-0.0420139
3315	3410	0.197978	-0.0420218
3316	3411	0.198053	-0.0419467
3317	3412	0.198151	-0.0418492
3318	3413	0.198238	-0.0417622
3319	3414	0.198457	-0.0415432
3320	3415	0.198648	-0.0413521
3321	3416	0.19884	-0.0411599
3322	3417	0.198977	-0.0410232
3323	3418	0.199007	-0.0409933
3324	3419	0.199176	-0.0408243
3325	3420	0.199355	-0.0406453
3326	3421	0.19971	-0.04029
3327	3422	0.200051	-0.0399494
3328	3423	0.20021	-0.0397902
3329	3424	0.200515	-0.0394854
3330	3425	0.200784	-0.0392159
3331	3426	0.201022	-0.0389783
3332	3427	0.20124	-0.0387598
3333	3428	0.201515	-0.0384847
3334	3429	0.201846	-0.0381539
3335	3430	0.202037	-0.0379625
3336	3431	0.202121	-0.0378789
3337	3432	0.202	-0.0379999
3338	3433	0.201856	-0.0381439
3339	3434	0.201691	-0.0383093
3340	3435	0.201499	-0.0385012
3341	3436	0.201309	-0.0386914
3342	3437	0.201031	-0.038969
3343	3438	0.200762	-0.0392385
3344	3439	0.200343	-0.0396572
3345	3440	0.199802	-0.0401981
3346	3441	0.19914	-0.0408601
3347	3442	0.198422	-0.0415785
3348	3443	0.197726	-0.0422736
3349	3444	0.197005	-0.0429946
3350	3445	0.196268	-0.0437321
3351	3446	0.195579	-0.0444214
3352	3447	0.194924	-0.0450762
3353	3448	0.194196	-0.0458044
3354	3449	0.193659	-0.0463414
3355	3450	0.193194	-0.0468063
3356	3451	0.192805	-0.0471949
3357	3452	0.192366	-0.0476344
3358	3453	0.191849	-0.0481511
3359	3454	0.191511	-0.0484887
3360	3455	0.191225	-0.048775
3361	3456	0.190931	-0.0490694
3362	3457	0.190431	-0.0495688
3595	3690	0.190642	-0.0493578
3596	3691	0.191183	-0.048817
3597	3692	0.191799	-0.0482014
3598	3693	0.192371	-0.0476292
3599	3694	0.192895	-0.0471048
3600	3695	0.193343	-0.046657
3601	3696	0.193709	-0.0462913
3602	3697	0.194067	-0.0459332
3603	3698	0.194322	-0.0456776
3604	3699	0.194552	-0.0454483
3605	3700	0.194729	-0.0452706
3606	3701	0.194998	-0.0450017
3607	3702	0.195376	-0.0446244
3608	3703	0.195754	-0.0442456
3609	3704	0.196046	-0.0439541
3610	3705	0.196294	-0.0437062
3611	3706	0.196484	-0.0435163
3612	3707	0.196774	-0.0432262
3613	3708	0.197073	-0.0429272
3614	3709	0.197228	-0.0427715
3615	3710	0.197369	-0.0426306
3616	3711	0.197525	-0.0424751
3617	3712	0.197632	-0.042368
3618	3713	0.197823	-0.0421773
3619	3714	0.19801	-0.0419901
3620	3715	0.198365	-0.0416348
3621	3716	0.19865	-0.0413495
3622	3717	0.198867	-0.0411334
3623	3718	0.199076	-0.0409235
3624	3719	0.19916	-0.0408399
3625	3720	0.199371	-0.0406294
3626	3721	0.199656	-0.0403442
3627	3722	0.199969	-0.0400309
3628	3723	0.2003	-0.0397004
3629	3724	0.200547	-0.0394526
3630	3725	0.200752	-0.0392477
3631	3726	0.20084	-0.0391598
3632	3727	0.200923	-0.0390766
3633	3728	0.201018	-0.0389818
3634	3729	0.201104	-0.038896
3635	3730	0.201225	-0.0387746
3636	3731	0.20129	-0.0387102
3637	3732	0.201286	-0.0387144
3638	3733	0.201289	-0.0387112
3639	3734	0.201214	-0.0387865
3640	3735	0.201062	-0.0389382
3641	3736	0.20073	-0.0392697
3642	3737	0.200396	-0.039604
3643	3738	0.20003	-0.03997
3644	3739	0.199477	-0.0405231
3645	3740	0.199052	-0.0409482
3646	3741	0.19858	-0.04142
3647	3742	0.198021	-0.0419785
3648	3743	0.197444	-0.0425557
3649	3744	0.196803	-0.0431967
3650	3745	0.19601	-0.0439897
3651	3746	0.195224	-0.0447756
3652	3747	0.194527	-0.045473
3653	3748	0.1938	-0.0462
3654	3749	0.193186	-0.0468144
3655	3750	0.192593	-0.0474065
3656	3751	0.192025	-0.0479746
3657	3752	0.191439	-0.0485607
3658	3753	0.190703	-0.0492974
3659	3754	0.190082	-0.0499179
4108	4203	0.190106	-0.049894
4109	4204	0.19047	-0.0495304
4110	4205	0.190822	-0.0491776
4111	4206	0.191068	-0.0489324
4112	4207	0.191425	-0.0485748
4113	4208	0.191708	-0.0482922
4114	4209	0.191942	-0.0480576
4115	4210	0.192166	-0.0478342
4116	4211	0.1922	-0.0478005
4117	4212	0.192163	-0.0478374
4118	4213	0.192101	-0.0478985
4119	4214	0.192088	-0.0479125
4120	4215	0.192116	-0.0478839
4121	4216	0.192047	-0.0479528
4122	4217	0.192052	-0.0479476
4123	4218	0.192024	-0.0479763
4124	4219	0.191964	-0.0480359
4125	4220	0.191918	-0.0480823
4126	4221	0.19191	-0.0480902
4127	4222	0.191882	-0.0481178
4128	4223	0.191945	-0.0480553
4129	4224	0.192163	-0.0478372
4130	4225	0.192415	-0.0475854
4131	4226	0.192859	-0.0471409
4132	4227	0.193222	-0.0467785
4133	4228	0.19352	-0.04648
4134	4229	0.193885	-0.0461148
4135	4230	0.19427	-0.04573
4136	4231	0.194536	-0.0454639
4137	4232	0.19474	-0.0452601
4138	4233	0.194956	-0.0450442
4139	4234	0.195109	-0.0448913
4140	4235	0.195124	-0.0448759
4141	4236	0.195221	-0.0447785
4142	4237	0.195273	-0.0447273
4143	4238	0.19531	-0.0446895
4144	4239	0.195344	-0.0446562
4145	4240	0.195263	-0.0447372
4146	4241	0.19527	-0.0447302
4147	4242	0.195339	-0.0446605
4148	4243	0.195373	-0.0446272
4149	4244	0.195335	-0.0446648
4150	4245	0.195198	-0.0448024
4151	4246	0.194962	-0.0450377
4152	4247	0.194591	-0.0454088
4153	4248	0.194244	-0.0457561
4154	4249	0.193787	-0.0462132
4155	4250	0.193326	-0.0466739
4156	4251	0.192979	-0.0470213
4157	4252	0.192529	-0.0474708
4158	4253	0.191947	-0.0480531
4159	4254	0.191337	-0.0486627
4160	4255	0.190637	-0.0493634
4376	4471	0.190106	-0.0498935
4377	4472	0.191036	-0.048964
4378	4473	0.191989	-0.048011
4379	4474	0.192911	-0.0470895
4380	4475	0.193842	-0.0461582
4381	4476	0.194874	-0.0451256
4382	4477	0.195895	-0.0441046
4383	4478	0.19687	-0.0431301
4384	4479	0.197909	-0.0420914
4385	4480	0.19892	-0.0410801
4386	4481	0.199918	-0.0400822
4387	4482	0.200918	-0.0390815
4388	4483	0.201779	-0.0382208
4389	4484	0.202747	-0.0372528
4390	4485	0.203625	-0.0363751
4391	4486	0.204573	-0.0354273
4392	4487	0.205331	-0.0346687
4393	4488	0.206047	-0.033953
4394	4489	0.206765	-0.033235
4395	4490	0.207479	-0.0325215
4396	4491	0.208237	-0.0317625
4397	4492	0.208956	-0.0310441
4398	4493	0.209708	-0.0302922
4399	4494	0.210306	-0.0296937
4400	4495	0.210893	-0.0291071
4401	4496	0.211522	-0.0284778
4402	4497	0.212132	-0.0278683
4403	4498	0.21272	-0.0272797
4404	4499	0.213221	-0.0267792
4405	4500	0.213724	-0.026276
4406	4501	0.214036	-0.025964
4407	4502	0.214277	-0.0257228
4408	4503	0.214358	-0.025642
4409	4504	0.21442	-0.0255802
4410	4505	0.214501	-0.0254989
4411	4506	0.214564	-0.0254358
4412	4507	0.214446	-0.025554
4413	4508	0.214163	-0.0258374
4414	4509	0.213898	-0.0261015
4415	4510	0.213692	-0.0263083
4416	4511	0.213327	-0.0266727
4417	4512	0.212876	-0.0271238
4418	4513	0.212452	-0.0275479
4419	4514	0.211893	-0.0281072
4420	4515	0.211384	-0.0286155
4421	4516	0.210967	-0.0290333
4422	4517	0.210489	-0.0295113
4423	4518	0.210059	-0.029941
4424	4519	0.209583	-0.0304171
4425	4520	0.209053	-0.030947
4426	4521	0.208547	-0.0314532
4427	4522	0.208157	-0.0318427
4428	4523	0.207954	-0.0320458
4429	4524	0.207828	-0.032172
4430	4525	0.207563	-0.0324373
4431	4526	0.207272	-0.0327282
4432	4527	0.206872	-0.0331283
4433	4528	0.206372	-0.0336277
4434	4529	0.205981	-0.0340187
4435	4530	0.205777	-0.0342228
4436	4531	0.205454	-0.0345461
4437	4532	0.205017	-0.0349834
4438	4533	0.204477	-0.0355233
4439	4534	0.203941	-0.0360585
4440	4535	0.203396	-0.0366036
4441	4536	0.202917	-0.037083
4442	4537	0.202388	-0.0376119
4443	4538	0.201844	-0.0381555
4444	4539	0.20144	-0.0385602
4445	4540	0.201166	-0.0388345
4446	4541	0.200859	-0.0391414
4447	4542	0.20071	-0.0392904
4448	4543	0.200552	-0.0394484
4449	4544	0.20048	-0.0395196
4450	4545	0.2004	-0.0396003
4451	4546	0.200608	-0.039392
4452	4547	0.200749	-0.0392509
4453	4548	0.201021	-0.0389793
4454	4549	0.201405	-0.0385952
4455	4550	0.202009	-0.0379906
4456	4551	0.202732	-0.0372676
4457	4552	0.203228	-0.0367721
4458	4553	0.203827	-0.0361729
4459	4554	0.204376	-0.0356238
4460	4555	0.204849	-0.0351512
4461	4556	0.205428	-0.0345717
4462	4557	0.206038	-0.033962
4463	4558	0.206805	-0.0331953
4464	4559	0.207545	-0.032455
4465	4560	0.208186	-0.0318136
4466	4561	0.208722	-0.031278
4467	4562	0.209096	-0.0309036
4468	4563	0.209532	-0.0304681
4469	4564	0.209966	-0.0300336
4470	4565	0.210371	-0.0296294
4471	4566	0.210811	-0.0291892
4472	4567	0.211282	-0.0287183
4473	4568	0.211772	-0.0282283
4474	4569	0.212266	-0.0277344
4475	4570	0.212641	-0.027359
4476	4571	0.21304	-0.0269598
4477	4572	0.213242	-0.0267584
4478	4573	0.213426	-0.0265737
4479	4574	0.213574	-0.0264262
4480	4575	0.213514	-0.0264859
4481	4576	0.213449	-0.0265509
4482	4577	0.213286	-0.0267145
4483	4578	0.213114	-0.0268856
4484	4579	0.213034	-0.0269664
4485	4580	0.212886	-0.0271136
4486	4581	0.212764	-0.0272356
4487	4582	0.212689	-0.0273107
4488	4583	0.212811	-0.0271886
4489	4584	0.212916	-0.0270845
4490	4585	0.213007	-0.0269931
4491	4586	0.213174	-0.0268259
4492	4587	0.213233	-0.0267669
4493	4588	0.213132	-0.0268684
4494	4589	0.212826	-0.0271743
4495	4590	0.212646	-0.0273537
4496	4591	0.212497	-0.027503
4497	4592	0.21233	-0.0276701
4498	4593	0.212095	-0.0279048
4499	4594	0.211959	-0.0280408
4500	4595	0.21181	-0.0281896
4501	4596	0.211778	-0.0282225
4502	4597	0.211757	-0.0282428
4503	4598	0.2117	-0.0283001
4504	4599	0.211692	-0.028308
4505	4600	0.211541	-0.0284591
4506	4601	0.211323	-0.0286768
4507	4602	0.211002	-0.0289983
4508	4603	0.210784	-0.0292162
4509	4604	0.21074	-0.0292602
4510	4605	0.210669	-0.0293309
4511	4606	0.210577	-0.0294235
4512	4607	0.21047	-0.0295301
4513	4608	0.210344	-0.0296555
4514	4609	0.210197	-0.0298027
4515	4610	0.210182	-0.029818
4516	4611	0.210268	-0.0297317
4517	4612	0.210345	-0.0296545
4518	4613	0.21049	-0.0295102
4519	4614	0.210611	-0.0293888
4520	4615	0.210794	-0.0292058
4521	4616	0.210776	-0.0292244
4522	4617	0.210788	-0.0292118
4523	4618	0.210756	-0.0292437
4524	4619	0.21057	-0.0294301
4525	4620	0.210494	-0.0295058
4526	4621	0.210274	-0.029726
4527	4622	0.21006	-0.0299402
4528	4623	0.209875	-0.0301246
4529	4624	0.209791	-0.0302089
4530	4625	0.209638	-0.0303622
4531	4626	0.209307	-0.0306933
4532	4627	0.209022	-0.0309784
4533	4628	0.208813	-0.0311867
4534	4629	0.208658	-0.031342
4535	4630	0.208543	-0.0314569
4536	4631	0.208571	-0.0314294
4537	4632	0.20842	-0.0315804
4538	4633	0.208222	-0.0317777
4539	4634	0.2149	-0.0251
4540	4635	0.220918	-0.0190818
4541	4636	0.225999	-0.0140011
4542	4637	0.231267	-0.00873318
4543	4638	0.235493	-0.00450743
4544	4639	0.238457	-0.00154258
4545	4640	0.240946	0.000945842
4546	4641	0.243067	0.00306733
4547	4642	0.243787	0.00378724
4548	4643	0.244031	0.00403088
4549	4644	0.243828	0.00382828
4550	4645	0.242855	0.00285453
4551	4646	0.241416	0.00141578
4552	4647	0.239299	-0.000700761
4553	4648	0.236845	-0.00315528
4554	4649	0.233653	-0.00634686
4555	4650	0.230144	-0.0098564
4556	4651	0.226278	-0.0137222
4557	4652	0.222001	-0.0179995
4558	4653	0.217195	-0.0228048
4559	4654	0.211873	-0.0281273
4560	4655	0.206328	-0.0336719
4561	4656	0.200444	-0.0395559
4562	4657	0.194409	-0.0455912
4717	4812	0.193191	-0.0468093
4718	4813	0.197653	-0.0423473
4719	4814	0.201523	-0.0384768
4720	4815	0.204223	-0.035777
4721	4816	0.207368	-0.0326322
4722	4817	0.209953	-0.0300472
4723	4818	0.211768	-0.0282317
4724	4819	0.212961	-0.0270387
4725	4820	0.212918	-0.0270822
4726	4821	0.211864	-0.0281358
4727	4822	0.210047	-0.0299529
4728	4823	0.20765	-0.0323497
4729	4824	0.204507	-0.0354928
4730	4825	0.200852	-0.0391482
4731	4826	0.196708	-0.0432922
4732	4827	0.191741	-0.0482587
5078	5173	0.190325	-0.0496748
5079	5174	0.191118	-0.0488821
5080	5175	0.191689	-0.0483115
5081	5176	0.192047	-0.0479532
5082	5177	0.192358	-0.0476417
5083	5178	0.192652	-0.047348
5084	5179	0.192951	-0.0470489
5085	5180	0.193238	-0.0467618
5086	5181	0.193554	-0.0464464
5087	5182	0.193794	-0.0462057
5088	5183	0.193973	-0.0460271
5089	5184	0.1941	-0.0459004
5090	5185	0.194219	-0.0457807
5091	5186	0.194035	-0.0459653
5092	5187	0.193847	-0.0461528
5093	5188	0.194286	-0.0457138
5094	5189	0.194712	-0.0452881
5095	5190	0.194946	-0.0450544
5096	5191	0.195147	-0.0448532
5097	5192	0.195164	-0.0448358
5098	5193	0.195177	-0.0448229
5099	5194	0.195058	-0.0449417
5100	5195	0.194993	-0.0450072
5101	5196	0.194974	-0.0450263
5102	5197	0.194988	-0.0450125
5103	5198	0.195244	-0.0447559
5104	5199	0.195275	-0.0447249
5105	5200	0.195203	-0.044797
5106	5201	0.19501	-0.04499
5107	5202	0.194761	-0.045239
5108	5203	0.194362	-0.0456381
5109	5204	0.194072	-0.0459282
5110	5205	0.193915	-0.0460846
5111	5206	0.193749	-0.0462512
5112	5207	0.193639	-0.0463605
5113	5208	0.193449	-0.046551
5114	5209	0.193252	-0.0467482
5115	5210	0.193052	-0.0469481
5116	5211	0.192649	-0.0473505
5117	5212	0.192338	-0.0476619
5118	5213	0.192033	-0.0479668
5119	5214	0.191756	-0.0482437
5120	5215	0.191344	-0.0486558
5121	5216	0.190976	-0.049024
5122	5217	0.190538	-0.0494615
5123	5218	0.190168	-0.049832
5155	5250	0.190334	-0.0496664
5156	5251	0.190777	-0.0492226
5157	5252	0.191242	-0.0487584
5158	5253	0.191469	-0.0485309
5159	5254	0.191641	-0.0483594
5160	5255	0.191942	-0.0480584
5161	5256	0.192265	-0.0477348
5162	5257	0.192406	-0.047594
5163	5258	0.192482	-0.0475178
5164	5259	0.192522	-0.0474782
5165	5260	0.192588	-0.047412
5166	5261	0.192723	-0.0472766
5167	5262	0.193044	-0.046956
5168	5263	0.193258	-0.046742
5169	5264	0.193406	-0.0465943
5170	5265	0.193515	-0.0464852
5171	5266	0.193629	-0.0463708
5172	5267	0.193713	-0.046287
5173	5268	0.193609	-0.0463912
5174	5269	0.193521	-0.0464792
5175	5270	0.193378	-0.0466221
5176	5271	0.193422	-0.0465778
5177	5272	0.193492	-0.0465081
5178	5273	0.193667	-0.0463328
5179	5274	0.193738	-0.046262
5180	5275	0.193741	-0.0462592
5181	5276	0.193759	-0.0462412
5182	5277	0.193696	-0.0463043
5183	5278	0.193725	-0.0462754
5184	5279	0.193752	-0.0462481
5185	5280	0.193724	-0.0462765
5186	5281	0.193523	-0.0464769
5187	5282	0.193503	-0.0464975
5188	5283	0.193378	-0.046622
5189	5284	0.193034	-0.0469664
5190	5285	0.192616	-0.047384
5191	5286	0.192213	-0.0477867
5192	5287	0.191711	-0.0482895
5193	5288	0.191164	-0.0488361
5194	5289	0.190714	-0.0492862
5195	5290	0.190233	-0.0497666
5572	5667	0.190948	-0.0490524
5573	5668	0.192074	-0.0479258
5574	5669	0.193173	-0.0468267
5575	5670	0.194234	-0.0457661
5576	5671	0.195196	-0.0448043
5577	5672	0.19634	-0.0436603
5578	5673	0.197244	-0.0427564
5579	5674	0.198303	-0.0416967
5580	5675	0.199201	-0.0407988
5581	5676	0.200098	-0.039902
5582	5677	0.200891	-0.0391091
5583	5678	0.201567	-0.0384326
5584	5679	0.202154	-0.0378458
5585	5680	0.202691	-0.037309
5586	5681	0.203312	-0.0366884
5587	5682	0.203783	-0.0362169
5588	5683	0.204261	-0.035739
5589	5684	0.20459	-0.0354097
5590	5685	0.204773	-0.035227
5591	5686	0.204833	-0.0351668
5592	5687	0.20489	-0.0351101
5593	5688	0.204898	-0.0351023
5594	5689	0.204851	-0.0351487
5595	5690	0.204931	-0.0350687
5596	5691	0.204927	-0.0350728
5597	5692	0.204891	-0.0351095
5598	5693	0.204827	-0.0351725
5599	5694	0.204649	-0.0353509
5600	5695	0.204377	-0.0356234
5601	5696	0.204186	-0.0358143
5602	5697	0.204138	-0.0358616
5603	5698	0.203888	-0.0361119
5604	5699	0.20364	-0.0363596
5605	5700	0.203483	-0.0365165
5606	5701	0.20308	-0.0369203
5607	5702	0.202423	-0.037577
5608	5703	0.201812	-0.0381879
5609	5704	0.201163	-0.0388366
5610	5705	0.200346	-0.0396542
5611	5706	0.199415	-0.0405847
5612	5707	0.198425	-0.0415749
5613	5708	0.197278	-0.0427215
5614	5709	0.196141	-0.0438593
5615	5710	0.19493	-0.0450704
5616	5711	0.193767	-0.046233
5617	5712	0.19276	-0.0472403
5618	5713	0.191615	-0.0483852
5619	5714	0.190489	-0.049511
6052	6147	0.190705	-0.049295
6053	6148	0.191953	-0.0480473
6054	6149	0.192936	-0.047064
6055	6150	0.193848	-0.0461521
6056	6151	0.19475	-0.0452504
6057	6152	0.195563	-0.0444367
6058	6153	0.196474	-0.0435256
6059	6154	0.197341	-0.0426589
6060	6155	0.198101	-0.0418986
6061	6156	0.198636	-0.0413639
6062	6157	0.199123	-0.0408769
6063	6158	0.19964	-0.0403598
6064	6159	0.200065	-0.0399346
6065	6160	0.200201	-0.0397994
6066	6161	0.200313	-0.0396869
6067	6162	0.200291	-0.0397094
6068	6163	0.199925	-0.0400747
6069	6164	0.199485	-0.0405151
6070	6165	0.198981	-0.0410191
6071	6166	0.198526	-0.0414736
6072	6167	0.198042	-0.0419582
6073	6168	0.197638	-0.0423623
6074	6169	0.197279	-0.0427208
6075	6170	0.196856	-0.0431435
6076	6171	0.196439	-0.0435607
6077	6172	0.195884	-0.0441157
6078	6173	0.195203	-0.044797
6079	6174	0.194609	-0.0453908
6080	6175	0.19391	-0.0460898
6081	6176	0.192975	-0.0470246
6082	6177	0.191967	-0.0480334
6083	6178	0.190929	-0.0490709
6223	6318	0.190223	-0.0497772
6224	6319	0.190915	-0.0490854
6225	6320	0.191377	-0.0486233
6226	6321	0.191941	-0.0480591
6227	6322	0.192253	-0.047747
6228	6323	0.192469	-0.0475314
6229	6324	0.192689	-0.0473113
6230	6325	0.192969	-0.0470308
6231	6326	0.193132	-0.0468678
6232	6327	0.193332	-0.0466683
6233	6328	0.193336	-0.0466643
6234	6329	0.193364	-0.0466363
6235	6330	0.193271	-0.0467294
6236	6331	0.192955	-0.0470452
6237	6332	0.192825	-0.047175
6238	6333	0.192615	-0.0473845
6239	6334	0.192291	-0.0477091
6240	6335	0.191765	-0.0482346
6241	6336	0.190954	-0.0490464
6242	6337	0.190105	-0.0498952
6328	6423	0.190284	-0.0497156
6329	6424	0.190876	-0.0491238
6330	6425	0.191498	-0.0485015
6331	6426	0.191959	-0.0480414
6332	6427	0.192468	-0.0475317
6333	6428	0.192887	-0.0471125
6334	6429	0.1933	-0.0467002
6335	6430	0.193796	-0.0462036
6336	6431	0.19435	-0.04565
6337	6432	0.194758	-0.0452425
6338	6433	0.195102	-0.0448978
6339	6434	0.195429	-0.044571
6340	6435	0.19577	-0.0442305
6341	6436	0.196065	-0.0439355
6342	6437	0.196451	-0.0435494
6343	6438	0.196882	-0.043118
6344	6439	0.197264	-0.0427363
6345	6440	0.197549	-0.0424506
6346	6441	0.197914	-0.0420858
6347	6442	0.198236	-0.0417643
6348	6443	0.198458	-0.0415422
6349	6444	0.198621	-0.0413789
6350	6445	0.198794	-0.041206
6351	6446	0.199017	-0.0409831
6352	6447	0.199161	-0.0408394
6353	6448	0.199239	-0.0407607
6354	6449	0.199305	-0.0406952
6355	6450	0.199348	-0.0406517
6356	6451	0.199283	-0.0407172
6357	6452	0.19931	-0.0406904
6358	6453	0.199328	-0.0406719
6359	6454	0.199301	-0.0406986
6360	6455	0.199092	-0.0409078
6361	6456	0.19882	-0.0411803
6362	6457	0.198581	-0.0414194
6363	6458	0.198057	-0.0419432
6364	6459	0.197373	-0.0426269
6365	6460	0.196832	-0.043168
6366	6461	0.196425	-0.0435752
6367	6462	0.195852	-0.0441476
6368	6463	0.195369	-0.0446315
6369	6464	0.194884	-0.0451162
6370	6465	0.194292	-0.0457079
6371	6466	0.193549	-0.0464508
6372	6467	0.192702	-0.0472984
6373	6468	0.191888	-0.0481118
6374	6469	0.19102	-0.0489796
6477	6572	0.190055	-0.0499451
6478	6573	0.190414	-0.0495855
6479	6574	0.190715	-0.0492851
6480	6575	0.191016	-0.0489842
6481	6576	0.191285	-0.0487153
6482	6577	0.191528	-0.0484715
6483	6578	0.191675	-0.048325
6484	6579	0.191714	-0.0482864
6485	6580	0.191662	-0.0483384
6486	6581	0.191535	-0.0484653
6487	6582	0.191217	-0.048783
6488	6583	0.190779	-0.049221
6489	6584	0.190228	-0.0497717
6630	6725	0.190009	-0.0499914
6631	6726	0.190695	-0.0493053
6632	6727	0.191343	-0.0486569
6633	6728	0.191804	-0.048196
6634	6729	0.19222	-0.0477805
6635	6730	0.192676	-0.0473236
6636	6731	0.193059	-0.0469409
6637	6732	0.193365	-0.046635
6638	6733	0.193672	-0.0463276
6639	6734	0.193756	-0.0462439
6640	6735	0.193802	-0.0461976
6641	6736	0.193728	-0.046272
6642	6737	0.193529	-0.0464711
6643	6738	0.193184	-0.0468165
6644	6739	0.193103	-0.0468968
6645	6740	0.19302	-0.0469799
6646	6741	0.192891	-0.047109
6647	6742	0.19264	-0.0473603
6648	6743	0.192311	-0.0476886
6649	6744	0.191962	-0.0480381
6650	6745	0.191595	-0.048405
6651	6746	0.191109	-0.0488908
6652	6747	0.190526	-0.0494743
6653	6748	0.190094	-0.0499064
6721	6816	0.190355	-0.0496452
6722	6817	0.191238	-0.0487623
6723	6818	0.192171	-0.0478295
6724	6819	0.193065	-0.0469347
6725	6820	0.194057	-0.0459429
6726	6821	0.194914	-0.0450862
6727	6822	0.195633	-0.0443674
6728	6823	0.196173	-0.0438267
6729	6824	0.196846	-0.0431536
6730	6825	0.197369	-0.0426308
6731	6826	0.197823	-0.0421775
6732	6827	0.198402	-0.0415978
6733	6828	0.199165	-0.040835
6734	6829	0.199919	-0.0400814
6735	6830	0.200721	-0.0392792
6736	6831	0.201451	-0.0385491
6737	6832	0.202199	-0.0378011
6738	6833	0.202971	-0.037029
6739	6834	0.203712	-0.0362875
6740	6835	0.204415	-0.0355849
6741	6836	0.205241	-0.0347589
6742	6837	0.206158	-0.0338416
6743	6838	0.207016	-0.0329838
6744	6839	0.207908	-0.0320917
6745	6840	0.208722	-0.0312779
6746	6841	0.209566	-0.0304341
6747	6842	0.210344	-0.0296557
6748	6843	0.210975	-0.0290251
6749	6844	0.211582	-0.0284179
6750	6845	0.212229	-0.0277711
6751	6846	0.212982	-0.0270181
6752	6847	0.213859	-0.0261407
6753	6848	0.214702	-0.025298
6754	6849	0.2157	-0.0243
6755	6850	0.216563	-0.0234375
6756	6851	0.217219	-0.0227808
6757	6852	0.217772	-0.0222279
6758	6853	0.218407	-0.0215927
6759	6854	0.218937	-0.0210633
6760	6855	0.219421	-0.0205788
6761	6856	0.220039	-0.0199606
6762	6857	0.220631	-0.0193688
6763	6858	0.221135	-0.0188645
6764	6859	0.22154	-0.0184605
6765	6860	0.221991	-0.0180086
6766	6861	0.222449	-0.0175506
6767	6862	0.222807	-0.0171929
6768	6863	0.223237	-0.016763
6769	6864	0.223708	-0.0162916
6770	6865	0.224112	-0.0158878
6771	6866	0.22457	-0.0154301
6772	6867	0.224805	-0.0151951
6773	6868	0.224948	-0.0150515
6774	6869	0.22511	-0.01489
6775	6870	0.225375	-0.0146251
6776	6871	0.225713	-0.0142873
6777	6872	0.226165	-0.013835
6778	6873	0.226681	-0.0133193
6779	6874	0.227146	-0.0128539
6780	6875	0.227581	-0.0124189
6781	6876	0.228067	-0.0119328
6782	6877	0.228347	-0.0116527
6783	6878	0.228555	-0.0114446
6784	6879	0.228691	-0.0113091
6785	6880	0.228691	-0.0113091
6786	6881	0.228698	-0.0113021
6787	6882	0.228685	-0.0113154
6788	6883	0.228655	-0.0113454
6789	6884	0.228588	-0.0114116
6790	6885	0.228316	-0.0116842
6791	6886	0.228193	-0.0118068
6792	6887	0.228067	-0.0119334
6793	6888	0.227935	-0.0120648
6794	6889	0.227841	-0.0121586
6795	6890	0.227715	-0.0122851
6796	6891	0.22759	-0.0124096
6797	6892	0.227492	-0.0125076
6798	6893	0.227508	-0.0124916
6799	6894	0.227438	-0.0125623
6800	6895	0.227279	-0.0127211
6801	6896	0.227126	-0.0128743
6802	6897	0.226951	-0.013049
6803	6898	0.226767	-0.0132334
6804	6899	0.22668	-0.0133199
6805	6900	0.226717	-0.0132832
6806	6901	0.226695	-0.0133045
6807	6902	0.226759	-0.0132406
6808	6903	0.226739	-0.013261
6809	6904	0.226618	-0.0133824
6810	6905	0.226515	-0.0134855
6811	6906	0.226313	-0.0136869
6812	6907	0.226125	-0.0138747
6813	6908	0.226006	-0.0139935
6814	6909	0.22591	-0.0140897
6815	6910	0.225695	-0.0143047
6816	6911	0.225462	-0.0145377
6817	6912	0.225279	-0.0147211
6818	6913	0.22513	-0.0148704
6819	6914	0.224934	-0.0150658
6820	6915	0.22484	-0.01516
6821	6916	0.22475	-0.0152503
6822	6917	0.224762	-0.0152377
6823	6918	0.224809	-0.015191
6824	6919	0.224941	-0.0150587
6825	6920	0.224973	-0.0150268
6826	6921	0.224976	-0.0150238
6827	6922	0.224985	-0.0150145
6828	6923	0.22492	-0.0150805
6829	6924	0.224898	-0.0151016
6830	6925	0.224956	-0.0150437
6831	6926	0.225222	-0.0147782
6832	6927	0.225546	-0.0144544
6833	6928	0.225962	-0.0140379
6834	6929	0.22641	-0.0135897
6835	6930	0.226973	-0.0130273
6836	6931	0.227345	-0.0126554
6837	6932	0.227573	-0.0124266
6838	6933	0.227685	-0.0123148
6839	6934	0.227917	-0.0120829
6840	6935	0.228109	-0.0118913
6841	6936	0.22825	-0.0117498
6842	6937	0.228382	-0.0116184
6843	6938	0.228498	-0.0115025
6844	6939	0.228617	-0.0113829
6845	6940	0.228606	-0.0113936
6846	6941	0.228537	-0.0114626
6847	6942	0.228488	-0.0115123
6848	6943	0.228418	-0.0115815
6849	6944	0.228337	-0.0116626
6850	6945	0.228255	-0.0117445
6851	6946	0.228274	-0.0117259
6852	6947	0.228299	-0.0117007
6853	6948	0.228293	-0.0117066
6854	6949	0.228264	-0.011736
6855	6950	0.228255	-0.0117453
6856	6951	0.228266	-0.0117337
6857	6952	0.228108	-0.0118918
6858	6953	0.228024	-0.0119757
6859	6954	0.227994	-0.0120065
6860	6955	0.22792	-0.0120802
6861	6956	0.227829	-0.0121709
6862	6957	0.227693	-0.012307
6863	6958	0.227676	-0.0123243
6864	6959	0.227585	-0.0124149
6865	6960	0.227548	-0.0124516
6866	6961	0.22755	-0.0124497
6867	6962	0.227504	-0.0124956
6868	6963	0.227424	-0.0125764
6869	6964	0.227257	-0.0127433
6870	6965	0.227156	-0.0128438
6871	6966	0.226994	-0.013006
6872	6967	0.226749	-0.0132513
6873	6968	0.226448	-0.0135515
6874	6969	0.226073	-0.0139268
6875	6970	0.225779	-0.0142209
6876	6971	0.225507	-0.0144927
6877	6972	0.225217	-0.0147831
6878	6973	0.224911	-0.0150889
6879	6974	0.224475	-0.0155249
6880	6975	0.223969	-0.0160312
6881	6976	0.223381	-0.0166191
6882	6977	0.222779	-0.017221
6883	6978	0.222248	-0.0177523
6884	6979	0.221764	-0.0182363
6885	6980	0.22135	-0.0186498
6886	6981	0.221075	-0.0189247
6887	6982	0.220832	-0.0191678
6888	6983	0.22061	-0.0193903
6889	6984	0.220388	-0.0196115
6890	6985	0.220124	-0.0198757
6891	6986	0.220011	-0.0199893
6892	6987	0.219892	-0.0201076
6893	6988	0.219907	-0.0200933
6894	6989	0.219835	-0.0201654
6895	6990	0.219753	-0.0202467
6896	6991	0.219711	-0.0202893
6897	6992	0.219654	-0.0203461
6898	6993	0.219705	-0.0202953
6899	6994	0.219829	-0.0201708
6900	6995	0.219814	-0.0201859
6901	6996	0.219685	-0.0203146
6902	6997	0.219655	-0.0203454
6903	6998	0.219632	-0.0203677
6904	6999	0.219522	-0.0204776
6905	7000	0.219515	-0.0204848
6906	7001	0.220743	-0.0192574
6907	7002	0.221977	-0.0180228
6908	7003	0.222847	-0.0171529
6909	7004	0.223608	-0.0163915
6910	7005	0.223865	-0.0161352
6911	7006	0.223989	-0.016011
6912	7007	0.223899	-0.0161006
6913	7008	0.22367	-0.0163297
6914	7009	0.223565	-0.0164346
6915	7010	0.223365	-0.0166354
6916	7011	0.223076	-0.0169239
6917	7012	0.222546	-0.0174536
6918	7013	0.221896	-0.018104
6919	7014	0.221346	-0.0186539
6920	7015	0.220815	-0.0191854
6921	7016	0.220402	-0.0195982
6922	7017	0.220006	-0.0199939
6923	7018	0.219617	-0.0203829
6924	7019	0.218887	-0.0211128
6925	7020	0.218142	-0.021858
6926	7021	0.217291	-0.0227089
6927	7022	0.216401	-0.0235992
6928	7023	0.215541	-0.024459
6929	7024	0.214621	-0.0253793
6930	7025	0.213797	-0.0262026
6931	7026	0.21297	-0.02703
6932	7027	0.212317	-0.0276827
6933	7028	0.211667	-0.0283333
6934	7029	0.21093	-0.0290704
6935	7030	0.210115	-0.0298853
6936	7031	0.209234	-0.0307658
6937	7032	0.208395	-0.0316046
6938	7033	0.207434	-0.0325662
6939	7034	0.206542	-0.0334579
6940	7035	0.205708	-0.0342921
6941	7036	0.205095	-0.034905
6942	7037	0.204583	-0.0354167
6943	7038	0.203882	-0.0361178
6944	7039	0.203189	-0.0368112
6945	7040	0.202482	-0.0375184
6946	7041	0.201752	-0.0382483
6947	7042	0.20098	-0.0390204
6948	7043	0.200266	-0.0397341
6949	7044	0.199543	-0.0404569
6950	7045	0.199104	-0.0408961
6951	7046	0.198656	-0.0413444
6952	7047	0.197947	-0.0420532
6953	7048	0.197513	-0.0424872
6954	7049	0.197155	-0.0428451
6955	7050	0.196645	-0.0433551
6956	7051	0.195947	-0.0440529
6957	7052	0.195156	-0.0448445
6958	7053	0.194489	-0.0455107
6959	7054	0.193603	-0.0463969
6960	7055	0.192776	-0.0472239
6961	7056	0.192061	-0.0479392
6962	7057	0.191282	-0.0487176
6963	7058	0.190551	-0.0494488
7315	7410	0.190105	-0.0498946
7316	7411	0.190573	-0.0494266
7317	7412	0.191038	-0.0489615
7318	7413	0.191384	-0.0486159
7319	7414	0.19171	-0.0482901
7320	7415	0.192061	-0.0479386
7321	7416	0.192506	-0.0474943
7322	7417	0.192876	-0.0471237
7323	7418	0.193206	-0.0467942
7324	7419	0.193464	-0.0465362
7325	7420	0.193774	-0.046226
7326	7421	0.194073	-0.0459269
7327	7422	0.194391	-0.0456086
7328	7423	0.194632	-0.0453676
7329	7424	0.194886	-0.0451137
7330	7425	0.19504	-0.0449595
7331	7426	0.194908	-0.045092
7332	7427	0.194867	-0.0451331
7333	7428	0.194809	-0.0451907
7334	7429	0.194835	-0.045165
7335	7430	0.194623	-0.0453766
7336	7431	0.194505	-0.0454948
7337	7432	0.194348	-0.0456516
7338	7433	0.194222	-0.0457784
7339	7434	0.194198	-0.0458023
7340	7435	0.194202	-0.0457976
7341	7436	0.194381	-0.0456187
7342	7437	0.194818	-0.0451821
7343	7438	0.194686	-0.045314
7344	7439	0.194581	-0.0454189
7345	7440	0.194194	-0.0458063
7346	7441	0.193575	-0.0464249
7347	7442	0.192853	-0.0471473
7348	7443	0.192118	-0.0478821
7349	7444	0.191483	-0.0485166
7350	7445	0.190806	-0.0491937
7741	7836	0.190593	-0.0494067
7742	7837	0.191703	-0.0482968
7743	7838	0.192671	-0.0473288
7744	7839	0.193539	-0.0464609
7745	7840	0.194207	-0.045793
7746	7841	0.194728	-0.0452715
7747	7842	0.195002	-0.0449985
7748	7843	0.195235	-0.044765
7749	7844	0.195403	-0.0445971
7750	7845	0.195477	-0.0445226
7751	7846	0.195723	-0.0442766
7752	7847	0.195602	-0.0443979
7753	7848	0.195451	-0.044549
7754	7849	0.195267	-0.0447331
7755	7850	0.194763	-0.0452374
7756	7851	0.194148	-0.0458517
7757	7852	0.193425	-0.0465748
7758	7853	0.192585	-0.0474149
7759	7854	0.191646	-0.0483544
7760	7855	0.190653	-0.0493475
8003	8098	0.191035	-0.0489648
8004	8099	0.19317	-0.0468296
8005	8100	0.195087	-0.0449134
8006	8101	0.197032	-0.0429683
8007	8102	0.19898	-0.0410205
8008	8103	0.200899	-0.0391013
8009	8104	0.20275	-0.0372499
8010	8105	0.204514	-0.0354856
8011	8106	0.206228	-0.0337716
8012	8107	0.207862	-0.0321381
8013	8108	0.209477	-0.0305227
8014	8109	0.21095	-0.0290501
8015	8110	0.212169	-0.0278308
8016	8111	0.213472	-0.0265278
8017	8112	0.214837	-0.0251631
8018	8113	0.216153	-0.0238473
8019	8114	0.21743	-0.0225697
8020	8115	0.218507	-0.0214928
8021	8116	0.21933	-0.0206697
8022	8117	0.220111	-0.0198889
8023	8118	0.22088	-0.0191203
8024	8119	0.221764	-0.0182362
8025	8120	0.222626	-0.0173745
8026	8121	0.223507	-0.0164932
8027	8122	0.224276	-0.0157241
8028	8123	0.224968	-0.0150318
8029	8124	0.225409	-0.0145912
8030	8125	0.225868	-0.0141318
8031	8126	0.226136	-0.0138638
8032	8127	0.226175	-0.0138246
8033	8128	0.22599	-0.0140102
8034	8129	0.225646	-0.0143542
8035	8130	0.225392	-0.0146084
8036	8131	0.225104	-0.0148965
8037	8132	0.224853	-0.0151468
8038	8133	0.22437	-0.01563
8039	8134	0.223736	-0.016264
8040	8135	0.222941	-0.0170592
8041	8136	0.221928	-0.0180719
8042	8137	0.220812	-0.0191878
8043	8138	0.220401	-0.0195994
8044	8139	0.219995	-0.0200052
8045	8140	0.219603	-0.0203975
8046	8141	0.219301	-0.020699
8047	8142	0.218776	-0.0212243
8048	8143	0.218072	-0.021928
8049	8144	0.2174	-0.0226004
8050	8145	0.216448	-0.0235517
8051	8146	0.215469	-0.0245307
8052	8147	0.214587	-0.0254134
8053	8148	0.213806	-0.0261937
8054	8149	0.213022	-0.0269778
8055	8150	0.212199	-0.0278013
8056	8151	0.211355	-0.0286447
8057	8152	0.210356	-0.0296443
8058	8153	0.209364	-0.0306357
8059	8154	0.208302	-0.0316984
8060	8155	0.207171	-0.0328293
8061	8156	0.206085	-0.0339154
8062	8157	0.205003	-0.0349968
8063	8158	0.203905	-0.0360953
8064	8159	0.202623	-0.0373772
8065	8160	0.201306	-0.0386941
8066	8161	0.20015	-0.03985
8067	8162	0.198989	-0.0410108
8068	8163	0.197854	-0.0421463
8069	8164	0.196486	-0.0435141
8070	8165	0.195034	-0.044966
8071	8166	0.193518	-0.0464819
8072	8167	0.192097	-0.047903
8073	8168	0.190899	-0.0491005
8636	8731	0.191949	-0.0480514
8637	8732	0.194421	-0.0455791
8638	8733	0.196839	-0.0431606
8639	8734	0.199195	-0.0408054
8640	8735	0.201231	-0.0387688
8641	8736	0.203198	-0.0368016
8642	8737	0.204983	-0.0350174
8643	8738	0.206593	-0.0334073
8644	8739	0.207962	-0.0320381
8645	8740	0.209234	-0.0307658
8646	8741	0.210411	-0.0295893
8647	8742	0.21146	-0.0285399
8648	8743	0.212365	-0.0276349
8649	8744	0.213337	-0.0266626
8650	8745	0.214379	-0.0256206
8651	8746	0.215184	-0.0248161
8652	8747	0.215881	-0.0241191
8653	8748	0.21658	-0.0234201
8654	8749	0.217209	-0.0227911
8655	8750	0.217716	-0.0222841
8656	8751	0.21819	-0.0218104
8657	8752	0.218271	-0.0217291
8658	8753	0.218053	-0.0219469
8659	8754	0.217747	-0.0222532
8660	8755	0.217289	-0.0227113
8661	8756	0.216779	-0.0232207
8662	8757	0.21633	-0.0236696
8663	8758	0.21571	-0.0242901
8664	8759	0.215027	-0.0249732
8665	8760	0.214212	-0.0257882
8666	8761	0.213473	-0.0265274
8667	8762	0.21266	-0.0273401
8668	8763	0.212886	-0.0271139
8669	8764	0.213094	-0.026906
8670	8765	0.213264	-0.0267364
8671	8766	0.213399	-0.0266007
8672	8767	0.213603	-0.0263965
8673	8768	0.213701	-0.0262994
8674	8769	0.213738	-0.0262623
8675	8770	0.21367	-0.0263298
8676	8771	0.21359	-0.0264101
8677	8772	0.21344	-0.02656
8678	8773	0.213235	-0.0267647
8679	8774	0.213076	-0.0269237
8680	8775	0.212917	-0.0270828
8681	8776	0.212672	-0.0273278
8682	8777	0.212341	-0.0276587
8683	8778	0.211831	-0.0281691
8684	8779	0.211364	-0.0286356
8685	8780	0.210989	-0.0290107
8686	8781	0.210625	-0.0293751
8687	8782	0.210187	-0.0298131
8688	8783	0.209762	-0.0302383
8689	8784	0.20929	-0.0307103
8690	8785	0.208732	-0.0312679
8691	8786	0.208176	-0.0318236
8692	8787	0.207622	-0.032378
8693	8788	0.207008	-0.0329923
8694	8789	0.206291	-0.0337087
8695	8790	0.205521	-0.0344795
8696	8791	0.204618	-0.0353815
8697	8792	0.203524	-0.0364758
8698	8793	0.202556	-0.037444
8699	8794	0.201513	-0.0384872
8700	8795	0.20054	-0.0394596
8701	8796	0.199661	-0.0403388
8702	8797	0.198823	-0.0411767
8703	8798	0.198051	-0.0419495
8704	8799	0.197295	-0.0427052
8705	8800	0.196563	-0.0434367
8706	8801	0.19579	-0.0442099
8707	8802	0.194909	-0.0450913
8708	8803	0.193973	-0.0460272
8709	8804	0.193127	-0.0468726
8710	8805	0.192374	-0.0476256
8711	8806	0.191636	-0.0483635
8712	8807	0.19083	-0.0491702
8713	8808	0.19008	-0.0499199
9023	9118	0.198924	-0.0410763
9024	9119	0.210873	-0.0291274
9025	9120	0.221575	-0.0184254
9026	9121	0.230848	-0.0091523
9027	9122	0.238266	-0.00173396
9028	9123	0.244271	0.00427138
9029	9124	0.249142	0.0091424
9030	9125	0.252417	0.0124172
9031	9126	0.254473	0.014473
9032	9127	0.255364	0.0153642
9033	9128	0.254787	0.0147867
9034	9129	0.25271	0.0127103
9035	9130	0.249459	0.00945879
9036	9131	0.244817	0.00481689
9037	9132	0.239289	-0.000710615
9038	9133	0.232872	-0.00712794
9039	9134	0.225403	-0.0145971
9040	9135	0.216552	-0.0234478
9041	9136	0.207124	-0.0328763
9042	9137	0.196549	-0.0434505
9200	9295	0.193743	-0.0462573
9201	9296	0.20101	-0.0389896
9202	9297	0.207649	-0.0323511
9203	9298	0.212997	-0.0270034
9204	9299	0.21749	-0.0225096
9205	9300	0.221093	-0.0189071
9206	9301	0.223403	-0.0165966
9207	9302	0.224911	-0.015089
9208	9303	0.225389	-0.0146112
9209	9304	0.224845	-0.0151547
9210	9305	0.223042	-0.0169581
9211	9306	0.220144	-0.0198558
9212	9307	0.216062	-0.0239382
9213	9308	0.211302	-0.0286976
9214	9309	0.205632	-0.0343679
9215	9310	0.198758	-0.0412417
9216	9311	0.190685	-0.0493149
9371	9466	0.191797	-0.0482029
9372	9467	0.193651	-0.0463489
9373	9468	0.195406	-0.0445935
9374	9469	0.197256	-0.0427441
9375	9470	0.199243	-0.0407565
9376	9471	0.201178	-0.0388224
9377	9472	0.202951	-0.0370495
9378	9473	0.204596	-0.0354041
9379	9474	0.206437	-0.0335632
9380	9475	0.208156	-0.0318436
9381	9476	0.209821	-0.0301794
9382	9477	0.211225	-0.0287753
9383	9478	0.212166	-0.0278336
9384	9479	0.213002	-0.0269975
9385	9480	0.21378	-0.0262199
9386	9481	0.214699	-0.025301
9387	9482	0.215837	-0.0241633
9388	9483	0.216924	-0.0230759
9389	9484	0.218084	-0.0219156
9390	9485	0.219324	-0.0206757
9391	9486	0.220656	-0.0193443
9392	9487	0.221532	-0.0184684
9393	9488	0.222163	-0.0178365
9394	9489	0.222945	-0.0170546
9395	9490	0.223748	-0.0162524
9396	9491	0.224734	-0.0152656
9397	9492	0.225829	-0.0141706
9398	9493	0.226881	-0.0131188
9399	9494	0.227834	-0.0121662
9400	9495	0.228772	-0.011228
9401	9496	0.229672	-0.0103282
9402	9497	0.230476	-0.00952407
9403	9498	0.231202	-0.00879753
9404	9499	0.231755	-0.00824484
9405	9500	0.232252	-0.00774805
9406	9501	0.232634	-0.00736609
9407	9502	0.233045	-0.00695457
9408	9503	0.233237	-0.00676309
9409	9504	0.233309	-0.00669128
9410	9505	0.233462	-0.00653789
9411	9506	0.233553	-0.00644714
9412	9507	0.233518	-0.00648201
9413	9508	0.233607	-0.00639285
9414	9509	0.233717	-0.00628326
9415	9510	0.233451	-0.00654941
9416	9511	0.233068	-0.00693192
9417	9512	0.232821	-0.00717871
9418	9513	0.232617	-0.00738264
9419	9514	0.232383	-0.00761651
9420	9515	0.232262	-0.00773758
9421	9516	0.23214	-0.00785955
9422	9517	0.231865	-0.00813475
9423	9518	0.23152	-0.00848029
9424	9519	0.230999	-0.00900125
9425	9520	0.230595	-0.00940512
9426	9521	0.230259	-0.00974086
9427	9522	0.229729	-0.0102712
9428	9523	0.229111	-0.0108891
9429	9524	0.228373	-0.0116275
9430	9525	0.227611	-0.0123892
9431	9526	0.226868	-0.0131322
9432	9527	0.226176	-0.0138236
9433	9528	0.22547	-0.0145299
9434	9529	0.224815	-0.0151853
9435	9530	0.224152	-0.0158483
9436	9531	0.223456	-0.0165437
9437	9532	0.222663	-0.0173367
9438	9533	0.221868	-0.0181323
9439	9534	0.221091	-0.0189091
9440	9535	0.220498	-0.019502
9441	9536	0.219951	-0.0200489
9442	9537	0.21936	-0.0206399
9443	9538	0.21859	-0.0214102
9444	9539	0.217739	-0.022261
9445	9540	0.216805	-0.0231949
9446	9541	0.215762	-0.0242376
9447	9542	0.214697	-0.0253035
9448	9543	0.213618	-0.0263818
9449	9544	0.212255	-0.0277451
9450	9545	0.211097	-0.0289025
9451	9546	0.209955	-0.0300451
9452	9547	0.208796	-0.0312041
9453	9548	0.207655	-0.032345
9454	9549	0.206394	-0.0336061
9455	9550	0.205018	-0.0349819
9456	9551	0.203628	-0.0363724
9457	9552	0.202441	-0.0375587
9458	9553	0.201419	-0.0385812
9459	9554	0.20042	-0.0395799
9460	9555	0.19949	-0.0405097
9461	9556	0.198367	-0.0416334
9462	9557	0.197279	-0.0427214
9463	9558	0.19619	-0.0438103
9464	9559	0.19517	-0.0448296
9465	9560	0.194328	-0.0456725
9466	9561	0.193486	-0.0465136
9467	9562	0.192639	-0.0473611
9468	9563	0.191824	-0.0481757
9469	9564	0.191047	-0.0489525
9470	9565	0.190205	-0.0497947
9613	9708	0.19008	-0.0499199
9614	9709	0.190293	-0.049707
9615	9710	0.190464	-0.0495362
9616	9711	0.190599	-0.0494015
9617	9712	0.190788	-0.0492116
9618	9713	0.191071	-0.0489295
9619	9714	0.191274	-0.0487257
9620	9715	0.19146	-0.0485397
9621	9716	0.191734	-0.0482657
9622	9717	0.192087	-0.0479126
9623	9718	0.192385	-0.0476148
9624	9719	0.192706	-0.0472938
9625	9720	0.193239	-0.0467606
9626	9721	0.193808	-0.0461916
9627	9722	0.194275	-0.0457247
9628	9723	0.194695	-0.045305
9629	9724	0.19521	-0.04479
9630	9725	0.195635	-0.0443652
9631	9726	0.196065	-0.0439351
9632	9727	0.196475	-0.0435255
9633	9728	0.19699	-0.0430098
9634	9729	0.197504	-0.0424957
9635	9730	0.198061	-0.0419388
9636	9731	0.198681	-0.0413193
9637	9732	0.199349	-0.040651
9638	9733	0.199985	-0.0400154
9639	9734	0.200637	-0.0393635
9640	9735	0.201355	-0.0386447
9641	9736	0.20187	-0.0381297
9642	9737	0.202212	-0.0377881
9643	9738	0.202704	-0.0372958
9644	9739	0.203294	-0.0367057
9645	9740	0.203858	-0.0361423
9646	9741	0.204362	-0.0356381
9647	9742	0.204781	-0.0352193
9648	9743	0.204957	-0.0350431
9649	9744	0.205038	-0.0349619
9650	9745	0.205181	-0.0348189
9651	9746	0.205267	-0.0347328
9652	9747	0.205299	-0.034701
9653	9748	0.205297	-0.0347034
9654	9749	0.205281	-0.0347194
9655	9750	0.205342	-0.0346576
9656	9751	0.205394	-0.0346057
9657	9752	0.205505	-0.034495
9658	9753	0.205677	-0.0343226
9659	9754	0.205758	-0.0342423
9660	9755	0.205713	-0.0342865
9661	9756	0.205647	-0.0343526
9662	9757	0.205622	-0.0343785
9663	9758	0.205382	-0.034618
9664	9759	0.205114	-0.0348861
9665	9760	0.204944	-0.0350561
9666	9761	0.204763	-0.0352367
9667	9762	0.204644	-0.0353556
9668	9763	0.204543	-0.0354569
9669	9764	0.20436	-0.0356398
9670	9765	0.204153	-0.0358467
9671	9766	0.203878	-0.0361222
9672	9767	0.203718	-0.0362817
9673	9768	0.203573	-0.0364266
9674	9769	0.203487	-0.0365133
9675	9770	0.203468	-0.0365319
9676	9771	0.203424	-0.0365762
9677	9772	0.203401	-0.0365994
9678	9773	0.203424	-0.0365761
9679	9774	0.203537	-0.0364627
9680	9775	0.203532	-0.0364678
9681	9776	0.203724	-0.0362759
9682	9777	0.203988	-0.0360125
9683	9778	0.204188	-0.0358121
9684	9779	0.204344	-0.0356558
9685	9780	0.204351	-0.0356492
9686	9781	0.204381	-0.0356186
9687	9782	0.204376	-0.0356236
9688	9783	0.204351	-0.0356485
9689	9784	0.204298	-0.0357019
9690	9785	0.204178	-0.0358217
9691	9786	0.204104	-0.0358959
9692	9787	0.204124	-0.0358755
9693	9788	0.20418	-0.0358198
9694	9789	0.20422	-0.0357803
9695	9790	0.204284	-0.035716
9696	9791	0.204397	-0.0356027
9697	9792	0.204495	-0.0355046
9698	9793	0.204456	-0.0355435
9699	9794	0.204428	-0.035572
9700	9795	0.204485	-0.0355147
9701	9796	0.204375	-0.035625
9702	9797	0.204388	-0.0356123
9703	9798	0.204542	-0.0354577
9704	9799	0.204745	-0.0352553
9705	9800	0.205076	-0.0349236
9706	9801	0.205418	-0.0345825
9707	9802	0.205926	-0.0340745
9708	9803	0.206351	-0.0336491
9709	9804	0.206736	-0.0332644
9710	9805	0.207218	-0.0327817
9711	9806	0.207704	-0.0322961
9712	9807	0.208275	-0.0317247
9713	9808	0.208891	-0.0311089
9714	9809	0.209558	-0.0304423
9715	9810	0.21026	-0.0297397
9716	9811	0.211065	-0.0289347
9717	9812	0.211907	-0.0280929
9718	9813	0.212711	-0.0272894
9719	9814	0.213601	-0.0263986
9720	9815	0.214465	-0.0255349
9721	9816	0.215104	-0.0248963
9722	9817	0.215782	-0.0242175
9723	9818	0.216588	-0.0234119
9724	9819	0.217339	-0.022661
9725	9820	0.218062	-0.0219383
9726	9821	0.218775	-0.0212254
9727	9822	0.219536	-0.0204642
9728	9823	0.220185	-0.0198151
9729	9824	0.220738	-0.0192621
9730	9825	0.221331	-0.0186692
9731	9826	0.221953	-0.0180471
9732	9827	0.222523	-0.0174766
9733	9828	0.223083	-0.0169172
9734	9829	0.22367	-0.0163296
9735	9830	0.224306	-0.0156935
9736	9831	0.224964	-0.0150365
9737	9832	0.225605	-0.0143948
9738	9833	0.226217	-0.0137827
9739	9834	0.226706	-0.0132942
9740	9835	0.227045	-0.0129553
9741	9836	0.227366	-0.0126339
9742	9837	0.227605	-0.0123952
9743	9838	0.227812	-0.0121881
9744	9839	0.228082	-0.0119182
9745	9840	0.2284	-0.0116001
9746	9841	0.228654	-0.011346
9747	9842	0.228898	-0.0111018
9748	9843	0.228976	-0.0110238
9749	9844	0.228944	-0.0110558
9750	9845	0.228883	-0.0111165
9751	9846	0.228817	-0.0111833
9752	9847	0.228747	-0.011253
9753	9848	0.228512	-0.0114876
9754	9849	0.228304	-0.011696
9755	9850	0.228255	-0.011745
9756	9851	0.22819	-0.0118102
9757	9852	0.228132	-0.0118678
9758	9853	0.227904	-0.0120965
9759	9854	0.227652	-0.0123476
9760	9855	0.227366	-0.0126337
9761	9856	0.226914	-0.0130863
9762	9857	0.226537	-0.0134634
9763	9858	0.226151	-0.0138492
9764	9859	0.225678	-0.0143218
9765	9860	0.225045	-0.0149548
9766	9861	0.224529	-0.015471
9767	9862	0.223987	-0.0160126
9768	9863	0.223321	-0.0166792
9769	9864	0.222705	-0.0172946
9770	9865	0.222145	-0.0178551
9771	9866	0.221415	-0.0185849
9772	9867	0.220748	-0.0192522
9773	9868	0.219991	-0.0200094
9774	9869	0.219301	-0.0206991
9775	9870	0.218622	-0.0213784
9776	9871	0.217884	-0.0221162
9777	9872	0.217053	-0.0229474
9778	9873	0.216035	-0.0239646
9779	9874	0.215028	-0.0249717
9780	9875	0.213991	-0.0260087
9781	9876	0.213023	-0.0269769
9782	9877	0.211964	-0.0280362
9783	9878	0.210867	-0.0291327
9784	9879	0.209572	-0.0304277
9785	9880	0.208176	-0.0318244
9786	9881	0.206862	-0.033138
9787	9882	0.205495	-0.0345053
9788	9883	0.2062	-0.0338001
9789	9884	0.206554	-0.0334465
9790	9885	0.206687	-0.0333127
9791	9886	0.206672	-0.0333284
9792	9887	0.206491	-0.0335085
9793	9888	0.20613	-0.0338697
9794	9889	0.205601	-0.0343992
9795	9890	0.204956	-0.035044
9796	9891	0.203874	-0.0361263
9797	9892	0.20272	-0.0372801
9798	9893	0.201322	-0.038678
9799	9894	0.199677	-0.0403231
9800	9895	0.19778	-0.0422204
9801	9896	0.195715	-0.044285
9802	9897	0.193589	-0.0464108
9803	9898	0.190915	-0.0490848
