Start_Pos	End_Pos	Discriminant_Value	Distance from cutoff
374	469	0.190929	-0.0490707
375	470	0.192269	-0.0477313
376	471	0.193403	-0.0465969
377	472	0.19469	-0.0453101
378	473	0.196609	-0.0433909
379	474	0.197849	-0.0421513
380	475	0.198599	-0.0414014
381	476	0.199244	-0.0407559
382	477	0.199649	-0.0403508
383	478	0.199481	-0.0405192
384	479	0.199051	-0.0409487
385	480	0.198846	-0.0411537
386	481	0.198199	-0.0418014
387	482	0.198135	-0.0418655
388	483	0.197592	-0.0424075
389	484	0.196969	-0.0430307
390	485	0.196108	-0.0438922
391	486	0.195205	-0.0447946
392	487	0.193593	-0.0464066
393	488	0.192671	-0.047329
394	489	0.191935	-0.0480651
395	490	0.191451	-0.0485489
396	491	0.19139	-0.0486104
397	492	0.191143	-0.0488571
398	493	0.191043	-0.0489566
399	494	0.190458	-0.0495423
455	550	0.190764	-0.0492364
456	551	0.190842	-0.0491575
457	552	0.191134	-0.048866
458	553	0.191913	-0.0480867
459	554	0.193045	-0.0469553
460	555	0.193237	-0.0467627
461	556	0.192545	-0.0474554
462	557	0.19204	-0.0479596
463	558	0.190871	-0.0491287
464	559	0.190115	-0.0498846
465	560	0.190105	-0.0498946
466	561	0.190581	-0.0494191
467	562	0.191285	-0.0487148
468	563	0.193119	-0.0468813
469	564	0.195221	-0.0447792
470	565	0.196444	-0.0435557
471	566	0.196937	-0.0430629
472	567	0.196913	-0.0430871
473	568	0.195756	-0.0442436
474	569	0.193452	-0.046548
475	570	0.191208	-0.048792
823	918	0.190412	-0.0495878
824	919	0.190939	-0.0490613
825	920	0.190977	-0.0490233
826	921	0.190508	-0.0494918
827	922	0.190078	-0.0499221
1302	1397	0.190622	-0.0493783
1303	1398	0.193771	-0.0462287
1304	1399	0.195735	-0.0442651
1305	1400	0.19847	-0.0415297
1306	1401	0.201305	-0.038695
1307	1402	0.204046	-0.0359538
1308	1403	0.205944	-0.0340563
1309	1404	0.207244	-0.0327558
1310	1405	0.207474	-0.0325262
1311	1406	0.207012	-0.0329885
1312	1407	0.206514	-0.0334862
1313	1408	0.205764	-0.0342361
1314	1409	0.205089	-0.0349111
1315	1410	0.204779	-0.035221
1316	1411	0.20404	-0.0359595
1317	1412	0.203645	-0.036355
1318	1413	0.203765	-0.036235
1319	1414	0.203537	-0.0364625
1320	1415	0.203034	-0.0369664
1321	1416	0.202262	-0.0377376
1322	1417	0.201545	-0.0384546
1323	1418	0.200932	-0.0390685
1324	1419	0.199782	-0.0402182
1325	1420	0.198385	-0.0416145
1326	1421	0.197838	-0.0421617
1327	1422	0.198028	-0.0419721
1328	1423	0.198167	-0.041833
1329	1424	0.198531	-0.041469
1330	1425	0.198774	-0.0412264
1331	1426	0.199406	-0.0405942
1332	1427	0.199692	-0.0403079
1333	1428	0.20066	-0.0393402
1334	1429	0.201432	-0.0385683
1335	1430	0.202313	-0.0376875
1336	1431	0.203366	-0.0366343
1337	1432	0.205158	-0.0348421
1338	1433	0.207476	-0.0325235
1339	1434	0.209732	-0.0302681
1340	1435	0.211626	-0.0283738
1341	1436	0.212939	-0.0270611
1342	1437	0.213514	-0.0264855
1343	1438	0.213652	-0.0263477
1344	1439	0.213523	-0.0264767
1345	1440	0.213054	-0.0269455
1346	1441	0.212392	-0.0276078
1347	1442	0.212111	-0.0278892
1348	1443	0.211882	-0.0281184
1349	1444	0.21125	-0.0287499
1350	1445	0.210065	-0.029935
1351	1446	0.208328	-0.0316718
1352	1447	0.206043	-0.0339574
1353	1448	0.20371	-0.0362897
1354	1449	0.201037	-0.0389626
1355	1450	0.19831	-0.0416898
1356	1451	0.195555	-0.0444448
1357	1452	0.19342	-0.0465804
1358	1453	0.191283	-0.0487174
1359	1454	0.190342	-0.0496577
1369	1464	0.195779	-0.044221
1370	1465	0.203944	-0.0360558
1371	1466	0.203902	-0.0360978
1372	1467	0.196492	-0.0435079
1483	1578	0.198232	-0.0417678
1484	1579	0.208293	-0.0317073
1485	1580	0.209008	-0.0309924
1486	1581	0.199906	-0.0400938
1567	1662	0.190632	-0.0493676
1568	1663	0.194478	-0.0455218
1569	1664	0.197615	-0.0423853
1570	1665	0.19982	-0.0401799
1571	1666	0.201294	-0.0387058
1572	1667	0.201616	-0.0383836
1573	1668	0.200713	-0.0392875
1574	1669	0.199232	-0.0407677
1575	1670	0.197797	-0.0422032
1576	1671	0.19541	-0.04459
1577	1672	0.193033	-0.0469665
1578	1673	0.190889	-0.0491112
1591	1686	0.19063	-0.0493705
1592	1687	0.190561	-0.0494386
1593	1688	0.190125	-0.0498749
1867	1962	0.190321	-0.0496788
1868	1963	0.191885	-0.0481148
1869	1964	0.192512	-0.0474879
1870	1965	0.192315	-0.0476851
1871	1966	0.191655	-0.048345
1872	1967	0.191237	-0.0487626
1873	1968	0.190608	-0.0493923
1874	1969	0.19044	-0.0495603
1875	1970	0.190437	-0.0495634
1876	1971	0.190588	-0.0494118
1877	1972	0.190552	-0.0494483
1878	1973	0.190681	-0.0493191
1879	1974	0.190869	-0.0491309
1880	1975	0.191298	-0.0487019
1881	1976	0.191968	-0.0480322
1882	1977	0.192311	-0.0476891
1883	1978	0.192828	-0.0471724
1884	1979	0.193547	-0.046453
1885	1980	0.194132	-0.0458685
1886	1981	0.194485	-0.0455153
1887	1982	0.195435	-0.0445648
1888	1983	0.196258	-0.0437423
1889	1984	0.196258	-0.0437425
1890	1985	0.195911	-0.0440895
1891	1986	0.195313	-0.0446866
1892	1987	0.195082	-0.0449182
1893	1988	0.194812	-0.0451879
1894	1989	0.194241	-0.045759
1895	1990	0.193765	-0.0462345
1896	1991	0.193789	-0.0462114
1897	1992	0.193704	-0.0462959
1898	1993	0.19363	-0.0463696
1899	1994	0.19343	-0.0465696
1900	1995	0.193175	-0.0468251
1901	1996	0.19304	-0.0469596
1902	1997	0.192634	-0.0473659
1903	1998	0.192385	-0.0476151
1904	1999	0.19188	-0.0481203
1905	2000	0.191376	-0.0486243
1906	2001	0.191134	-0.048866
1907	2002	0.190448	-0.0495517
2042	2137	0.19468	-0.0453202
2043	2138	0.199392	-0.0406076
2044	2139	0.201822	-0.0381782
2045	2140	0.200538	-0.0394619
2046	2141	0.195581	-0.0444193
2066	2161	0.191949	-0.0480513
2067	2162	0.193936	-0.0460635
2068	2163	0.195749	-0.0442513
2069	2164	0.197076	-0.0429239
2070	2165	0.198143	-0.0418565
2071	2166	0.198952	-0.0410478
2072	2167	0.199474	-0.0405258
2073	2168	0.199829	-0.0401707
2074	2169	0.200488	-0.039512
2075	2170	0.20123	-0.0387702
2076	2171	0.201844	-0.0381556
2077	2172	0.204458	-0.0355424
2078	2173	0.205845	-0.0341555
2079	2174	0.205802	-0.0341981
2080	2175	0.205347	-0.0346533
2081	2176	0.203717	-0.0362833
2082	2177	0.201092	-0.0389084
2083	2178	0.196742	-0.0432584
2084	2179	0.191069	-0.0489306
2145	2240	0.194132	-0.0458677
2146	2241	0.199461	-0.0405393
2147	2242	0.204731	-0.0352689
2148	2243	0.209668	-0.0303318
2149	2244	0.212946	-0.0270539
2150	2245	0.215643	-0.024357
2151	2246	0.215921	-0.024079
2152	2247	0.215108	-0.0248923
2153	2248	0.213205	-0.0267952
2154	2249	0.211222	-0.028778
2155	2250	0.208589	-0.0314112
2156	2251	0.205581	-0.0344194
2157	2252	0.201863	-0.0381371
2158	2253	0.197339	-0.0426607
2159	2254	0.192365	-0.047635
2189	2284	0.191433	-0.0485671
2190	2285	0.193321	-0.0466786
2191	2286	0.194496	-0.0455036
2192	2287	0.195121	-0.0448791
2193	2288	0.19493	-0.0450701
2194	2289	0.194067	-0.0459328
2195	2290	0.192258	-0.0477418
2196	2291	0.192043	-0.0479569
2197	2292	0.191684	-0.0483165
2198	2293	0.191459	-0.0485409
2199	2294	0.191846	-0.0481542
2200	2295	0.192659	-0.0473414
2201	2296	0.193644	-0.046356
2202	2297	0.195074	-0.0449255
2203	2298	0.195083	-0.044917
2204	2299	0.195067	-0.0449329
2205	2300	0.19469	-0.0453099
2206	2301	0.19421	-0.0457899
2207	2302	0.194147	-0.0458526
2208	2303	0.194674	-0.0453256
2209	2304	0.195566	-0.0444337
2210	2305	0.196603	-0.0433973
2211	2306	0.197245	-0.0427552
2212	2307	0.197008	-0.0429916
2213	2308	0.196382	-0.0436177
2214	2309	0.195066	-0.0449341
2215	2310	0.192827	-0.0471731
2216	2311	0.190891	-0.0491088
2447	2542	0.190573	-0.0494271
2448	2543	0.192415	-0.0475852
2449	2544	0.194637	-0.0453631
2450	2545	0.19695	-0.0430496
2451	2546	0.199697	-0.0403029
2452	2547	0.202722	-0.0372777
2453	2548	0.2069	-0.0331002
2454	2549	0.210706	-0.0292943
2455	2550	0.21431	-0.0256901
2456	2551	0.216986	-0.023014
2457	2552	0.218622	-0.0213783
2458	2553	0.219432	-0.0205679
2459	2554	0.219015	-0.0209854
2460	2555	0.218514	-0.0214859
2461	2556	0.217682	-0.0223185
2462	2557	0.21588	-0.0241201
2463	2558	0.21269	-0.0273099
2464	2559	0.208481	-0.0315193
2465	2560	0.204053	-0.0359474
2466	2561	0.199251	-0.0407488
2467	2562	0.195412	-0.0445883
2468	2563	0.191774	-0.0482257
2479	2574	0.190732	-0.0492679
2480	2575	0.193163	-0.0468369
2481	2576	0.196049	-0.0439508
2482	2577	0.199273	-0.0407267
2483	2578	0.201964	-0.0380358
2484	2579	0.2036	-0.0364004
2485	2580	0.204654	-0.0353456
2486	2581	0.206381	-0.0336193
2487	2582	0.20821	-0.0317896
2488	2583	0.210002	-0.0299981
2489	2584	0.211534	-0.0284657
2490	2585	0.211695	-0.0283052
2491	2586	0.211245	-0.0287549
2492	2587	0.211066	-0.0289345
2493	2588	0.210315	-0.0296845
2494	2589	0.209046	-0.0309544
2495	2590	0.209045	-0.0309554
2496	2591	0.207842	-0.0321584
2497	2592	0.206078	-0.0339221
2498	2593	0.203693	-0.0363072
2499	2594	0.201435	-0.0385654
2500	2595	0.19826	-0.0417405
2501	2596	0.194952	-0.0450483
2502	2597	0.191257	-0.0487434
2953	3048	0.190422	-0.0495782
2954	3049	0.191671	-0.0483291
2955	3050	0.192373	-0.0476267
2956	3051	0.193247	-0.0467527
2957	3052	0.193517	-0.0464834
2958	3053	0.19292	-0.0470796
2959	3054	0.19177	-0.0482299
2960	3055	0.190372	-0.0496283
2985	3080	0.190973	-0.0490274
2986	3081	0.191795	-0.0482045
2987	3082	0.192635	-0.0473654
2988	3083	0.194755	-0.0452447
2989	3084	0.196566	-0.0434341
2990	3085	0.198346	-0.0416541
2991	3086	0.199714	-0.0402862
2992	3087	0.200978	-0.0390222
2993	3088	0.202369	-0.0376311
2994	3089	0.203177	-0.036823
2995	3090	0.203669	-0.036331
2996	3091	0.203472	-0.036528
2997	3092	0.203463	-0.0365373
2998	3093	0.203117	-0.0368831
2999	3094	0.2031	-0.0369004
3000	3095	0.20275	-0.0372502
3001	3096	0.202648	-0.0373517
3002	3097	0.202686	-0.0373141
3003	3098	0.201991	-0.0380087
3004	3099	0.201975	-0.0380247
3005	3100	0.200968	-0.0390325
3006	3101	0.200042	-0.0399576
3007	3102	0.199343	-0.0406574
3008	3103	0.198607	-0.0413933
3009	3104	0.198679	-0.0413209
3010	3105	0.198751	-0.0412487
3011	3106	0.197966	-0.0420341
3012	3107	0.197335	-0.042665
3013	3108	0.196032	-0.0439679
3014	3109	0.195311	-0.0446892
3015	3110	0.194211	-0.0457886
3016	3111	0.191791	-0.048209
3135	3230	0.204572	-0.0354278
3136	3231	0.220705	-0.0192955
3137	3232	0.222306	-0.0176935
3138	3233	0.211703	-0.028297
3249	3344	0.197487	-0.0425134
3250	3345	0.202568	-0.0374317
3251	3346	0.202383	-0.0376169
3252	3347	0.1969	-0.0431001
3257	3352	0.192456	-0.0475436
3258	3353	0.195304	-0.0446963
3259	3354	0.198408	-0.041592
3260	3355	0.201552	-0.0384481
3261	3356	0.204069	-0.0359306
3262	3357	0.206345	-0.033655
3263	3358	0.207549	-0.0324507
3264	3359	0.208851	-0.0311493
3265	3360	0.210032	-0.0299683
3266	3361	0.209952	-0.0300481
3267	3362	0.209978	-0.0300224
3268	3363	0.209593	-0.0304066
3269	3364	0.209634	-0.030366
3270	3365	0.209002	-0.0309984
3271	3366	0.208437	-0.0315626
3272	3367	0.208455	-0.0315448
3273	3368	0.209127	-0.0308734
3274	3369	0.210655	-0.0293449
3275	3370	0.211729	-0.0282711
3276	3371	0.212587	-0.0274134
3277	3372	0.212784	-0.0272161
3278	3373	0.212651	-0.0273491
3279	3374	0.212384	-0.0276156
3280	3375	0.211732	-0.0282675
3281	3376	0.211383	-0.0286174
3282	3377	0.210761	-0.0292385
3283	3378	0.210028	-0.0299718
3284	3379	0.209457	-0.0305429
3285	3380	0.2086	-0.0314002
3286	3381	0.208102	-0.0318976
3287	3382	0.207515	-0.0324849
3288	3383	0.205675	-0.0343246
3289	3384	0.204832	-0.0351683
3290	3385	0.203935	-0.0360649
3291	3386	0.202853	-0.0371465
3292	3387	0.20169	-0.0383099
3293	3388	0.201521	-0.0384792
3294	3389	0.201902	-0.0380983
3295	3390	0.202513	-0.0374869
3296	3391	0.202917	-0.0370834
3297	3392	0.20249	-0.0375095
3298	3393	0.201838	-0.0381621
3299	3394	0.201045	-0.0389548
3300	3395	0.200002	-0.0399984
3301	3396	0.198961	-0.0410385
3302	3397	0.197816	-0.0421841
3303	3398	0.196852	-0.0431483
3304	3399	0.1957	-0.0442998
3305	3400	0.195007	-0.044993
3306	3401	0.194194	-0.0458057
3307	3402	0.193733	-0.0462672
3308	3403	0.193271	-0.0467289
3309	3404	0.192884	-0.0471164
3310	3405	0.192419	-0.0475814
3311	3406	0.192521	-0.0474789
3312	3407	0.192616	-0.0473843
3313	3408	0.193074	-0.0469258
3314	3409	0.193725	-0.046275
3315	3410	0.194629	-0.0453707
3316	3411	0.195734	-0.0442661
3317	3412	0.196746	-0.0432545
3318	3413	0.197368	-0.0426323
3319	3414	0.197815	-0.0421849
3320	3415	0.198376	-0.0416236
3321	3416	0.200614	-0.0393858
3322	3417	0.201534	-0.0384661
3323	3418	0.201718	-0.0382817
3324	3419	0.201425	-0.0385751
3325	3420	0.200585	-0.0394148
3326	3421	0.199345	-0.0406554
3327	3422	0.198195	-0.041805
3328	3423	0.196875	-0.0431247
3329	3424	0.195577	-0.0444225
3330	3425	0.193815	-0.046185
3331	3426	0.19244	-0.0475602
3332	3427	0.191448	-0.0485516
3333	3428	0.190762	-0.049238
3334	3429	0.190512	-0.0494881
3335	3430	0.190704	-0.0492965
3336	3431	0.190225	-0.0497753
3337	3432	0.190297	-0.0497035
3338	3433	0.19046	-0.04954
3339	3434	0.191757	-0.0482429
3340	3435	0.19428	-0.0457196
3341	3436	0.197486	-0.0425142
3342	3437	0.201762	-0.0382383
3343	3438	0.206275	-0.0337247
3344	3439	0.208112	-0.031888
3345	3440	0.210057	-0.0299426
3346	3441	0.212089	-0.0279114
3347	3442	0.214065	-0.0259353
3348	3443	0.215509	-0.0244911
3349	3444	0.216308	-0.0236916
3350	3445	0.216316	-0.0236836
3351	3446	0.21572	-0.0242805
3352	3447	0.214723	-0.0252771
3353	3448	0.213206	-0.0267939
3354	3449	0.21149	-0.0285105
3355	3450	0.209062	-0.0309375
3356	3451	0.206861	-0.0331387
3357	3452	0.204962	-0.0350379
3358	3453	0.202632	-0.0373683
3359	3454	0.201268	-0.038732
3360	3455	0.199599	-0.0404015
3361	3456	0.198548	-0.0414523
3362	3457	0.197324	-0.0426761
3363	3458	0.195831	-0.0441686
3364	3459	0.194665	-0.0453349
3365	3460	0.193117	-0.0468832
3366	3461	0.191812	-0.0481876
3367	3462	0.190755	-0.0492454
3398	3493	0.190465	-0.049535
3399	3494	0.193838	-0.0461623
3400	3495	0.196707	-0.0432931
3401	3496	0.198599	-0.0414008
3402	3497	0.198769	-0.0412309
3403	3498	0.19797	-0.0420304
3404	3499	0.196314	-0.0436858
3405	3500	0.195017	-0.0449834
3406	3501	0.193038	-0.0469623
3407	3502	0.190287	-0.0497126
3530	3625	0.190218	-0.0497823
3531	3626	0.19092	-0.0490795
3532	3627	0.191603	-0.0483973
3533	3628	0.19221	-0.0477898
3534	3629	0.191974	-0.0480264
3535	3630	0.191087	-0.0489132
3536	3631	0.190101	-0.0498985
3581	3676	0.191099	-0.0489011
3582	3677	0.191929	-0.0480707
3583	3678	0.192765	-0.0472351
3584	3679	0.193036	-0.0469645
3585	3680	0.19301	-0.0469902
3586	3681	0.192727	-0.0472734
3587	3682	0.192875	-0.0471252
3588	3683	0.192806	-0.0471939
3589	3684	0.191994	-0.0480058
3590	3685	0.191131	-0.0488685
3599	3694	0.19074	-0.0492598
3600	3695	0.191438	-0.0485616
3601	3696	0.191744	-0.0482565
3602	3697	0.192757	-0.0472433
3603	3698	0.19372	-0.0462797
3604	3699	0.194314	-0.0456856
3605	3700	0.195445	-0.0445548
3606	3701	0.196127	-0.0438727
3607	3702	0.196558	-0.0434423
3608	3703	0.196974	-0.0430264
3609	3704	0.197654	-0.0423458
3610	3705	0.197731	-0.0422685
3611	3706	0.198029	-0.0419713
3612	3707	0.198452	-0.041548
3613	3708	0.198689	-0.0413108
3614	3709	0.198929	-0.0410713
3615	3710	0.199717	-0.0402831
3616	3711	0.200437	-0.0395633
3617	3712	0.200929	-0.0390714
3618	3713	0.200944	-0.0390561
3619	3714	0.201248	-0.0387516
3620	3715	0.201175	-0.0388247
3621	3716	0.200899	-0.0391012
3622	3717	0.200084	-0.0399161
3623	3718	0.19909	-0.0409097
3624	3719	0.19795	-0.0420498
3625	3720	0.196195	-0.0438049
3626	3721	0.194724	-0.0452761
3627	3722	0.193908	-0.046092
3628	3723	0.192956	-0.0470436
3629	3724	0.192581	-0.0474188
3630	3725	0.192397	-0.0476029
3631	3726	0.192555	-0.0474449
3632	3727	0.192712	-0.0472878
3633	3728	0.193437	-0.0465629
3634	3729	0.193903	-0.0460973
3635	3730	0.194376	-0.0456245
3636	3731	0.194782	-0.0452178
3637	3732	0.195774	-0.0442264
3638	3733	0.19648	-0.0435196
3639	3734	0.197146	-0.0428538
3640	3735	0.197685	-0.0423149
3641	3736	0.19795	-0.0420504
3642	3737	0.1979	-0.0421001
3643	3738	0.197988	-0.0420125
3644	3739	0.197763	-0.0422372
3645	3740	0.19751	-0.0424903
3646	3741	0.197557	-0.0424431
3647	3742	0.19834	-0.0416599
3648	3743	0.199837	-0.0401631
3649	3744	0.201437	-0.0385626
3650	3745	0.202582	-0.0374177
3651	3746	0.203324	-0.0366764
3652	3747	0.204115	-0.0358848
3653	3748	0.204831	-0.0351688
3654	3749	0.204793	-0.0352069
3655	3750	0.204424	-0.0355756
3656	3751	0.203869	-0.0361308
3657	3752	0.203265	-0.0367345
3658	3753	0.202726	-0.0372736
3659	3754	0.202171	-0.0378293
3660	3755	0.201471	-0.038529
3661	3756	0.200581	-0.0394189
3662	3757	0.199131	-0.0408687
3663	3758	0.197447	-0.0425529
3664	3759	0.195809	-0.0441911
3665	3760	0.194326	-0.0456742
3666	3761	0.192718	-0.0472816
3667	3762	0.190909	-0.0490913
4077	4172	0.191767	-0.0482333
4078	4173	0.192753	-0.0472468
4079	4174	0.193704	-0.0462962
4080	4175	0.194448	-0.0455524
4081	4176	0.195002	-0.0449982
4082	4177	0.195794	-0.0442061
4083	4178	0.195814	-0.0441857
4084	4179	0.195604	-0.0443956
4085	4180	0.195197	-0.0448029
4086	4181	0.194708	-0.0452921
4087	4182	0.19386	-0.0461404
4088	4183	0.193068	-0.0469323
4089	4184	0.192931	-0.0470694
4090	4185	0.192811	-0.0471891
4091	4186	0.192928	-0.0470716
4092	4187	0.193097	-0.0469029
4093	4188	0.193009	-0.046991
4094	4189	0.193022	-0.0469775
4095	4190	0.192821	-0.0471788
4096	4191	0.192711	-0.047289
4097	4192	0.192573	-0.0474267
4098	4193	0.192881	-0.0471186
4099	4194	0.192424	-0.047576
4100	4195	0.191309	-0.0486912
4101	4196	0.190372	-0.049628
4129	4224	0.190073	-0.0499273
4130	4225	0.190745	-0.0492549
4131	4226	0.192283	-0.0477168
4132	4227	0.194169	-0.0458305
4133	4228	0.196321	-0.0436788
4134	4229	0.198004	-0.0419957
4135	4230	0.199776	-0.0402236
4136	4231	0.201632	-0.0383679
4137	4232	0.203147	-0.0368529
4138	4233	0.204192	-0.0358081
4139	4234	0.205136	-0.0348638
4140	4235	0.205865	-0.0341355
4141	4236	0.205917	-0.0340834
4142	4237	0.20629	-0.0337101
4143	4238	0.205957	-0.0340435
4144	4239	0.205634	-0.0343659
4145	4240	0.20521	-0.0347904
4146	4241	0.204174	-0.0358258
4147	4242	0.203001	-0.0369986
4148	4243	0.201805	-0.0381945
4149	4244	0.200367	-0.0396329
4150	4245	0.198883	-0.0411166
4151	4246	0.197219	-0.0427808
4152	4247	0.195557	-0.0444429
4153	4248	0.194837	-0.0451631
4154	4249	0.194113	-0.0458868
4155	4250	0.193371	-0.0466286
4156	4251	0.191982	-0.0480184
4157	4252	0.190594	-0.049406
4383	4478	0.191416	-0.048584
4384	4479	0.193048	-0.0469519
4385	4480	0.194336	-0.0456635
4386	4481	0.195413	-0.0445871
4387	4482	0.196911	-0.0430888
4388	4483	0.198778	-0.0412223
4389	4484	0.201536	-0.0384645
4390	4485	0.203776	-0.0362237
4391	4486	0.205493	-0.0345067
4392	4487	0.207148	-0.0328519
4393	4488	0.209209	-0.0307909
4394	4489	0.211871	-0.0281287
4395	4490	0.214363	-0.0256372
4396	4491	0.217149	-0.0228507
4397	4492	0.220049	-0.0199512
4398	4493	0.222522	-0.0174784
4399	4494	0.224861	-0.0151387
4400	4495	0.226706	-0.0132936
4401	4496	0.22874	-0.01126
4402	4497	0.230951	-0.00904859
4403	4498	0.232554	-0.0074458
4404	4499	0.23385	-0.00615037
4405	4500	0.234443	-0.00555741
4406	4501	0.234313	-0.00568677
4407	4502	0.233609	-0.00639054
4408	4503	0.232151	-0.00784944
4409	4504	0.230317	-0.00968314
4410	4505	0.228183	-0.0118169
4411	4506	0.226304	-0.0136955
4412	4507	0.223725	-0.0162749
4413	4508	0.221484	-0.0185158
4414	4509	0.220005	-0.0199951
4415	4510	0.218765	-0.0212351
4416	4511	0.217789	-0.0222109
4417	4512	0.216688	-0.0233115
4418	4513	0.215922	-0.0240785
4419	4514	0.215034	-0.0249656
4420	4515	0.21383	-0.0261704
4421	4516	0.212573	-0.0274269
4422	4517	0.211532	-0.0284682
4423	4518	0.210702	-0.0292982
4424	4519	0.210005	-0.0299953
4425	4520	0.208598	-0.031402
4426	4521	0.206808	-0.0331921
4427	4522	0.204253	-0.0357471
4428	4523	0.201407	-0.0385932
4429	4524	0.199047	-0.0409534
4430	4525	0.19652	-0.0434804
4431	4526	0.194222	-0.0457781
4432	4527	0.191705	-0.0482951
4440	4535	0.191248	-0.0487524
4441	4536	0.192302	-0.0476978
4442	4537	0.193361	-0.0466389
4443	4538	0.194545	-0.0454551
4444	4539	0.195637	-0.0443633
4445	4540	0.196438	-0.0435621
4446	4541	0.196908	-0.0430917
4447	4542	0.196786	-0.0432142
4448	4543	0.196447	-0.0435535
4449	4544	0.196463	-0.0435373
4450	4545	0.19649	-0.0435098
4451	4546	0.197126	-0.0428742
4452	4547	0.196972	-0.0430281
4453	4548	0.196367	-0.0436327
4454	4549	0.196231	-0.043769
4455	4550	0.197348	-0.042652
4456	4551	0.198958	-0.0410425
4457	4552	0.200815	-0.0391853
4458	4553	0.20268	-0.0373202
4459	4554	0.204958	-0.0350424
4460	4555	0.207806	-0.0321943
4461	4556	0.210989	-0.029011
4462	4557	0.21323	-0.0267703
4463	4558	0.215083	-0.0249171
4464	4559	0.216673	-0.0233267
4465	4560	0.218156	-0.0218442
4466	4561	0.219356	-0.0206443
4467	4562	0.220348	-0.019652
4468	4563	0.221061	-0.0189394
4469	4564	0.22188	-0.0181205
4470	4565	0.221959	-0.0180405
4471	4566	0.222185	-0.0178148
4472	4567	0.221522	-0.0184776
4473	4568	0.219929	-0.0200711
4474	4569	0.218397	-0.0216027
4475	4570	0.21749	-0.0225099
4476	4571	0.216385	-0.0236153
4477	4572	0.214868	-0.0251316
4478	4573	0.213065	-0.0269346
4479	4574	0.211431	-0.0285692
4480	4575	0.210055	-0.0299449
4481	4576	0.209212	-0.0307882
4482	4577	0.208575	-0.0314251
4483	4578	0.208182	-0.031818
4484	4579	0.208145	-0.031855
4485	4580	0.208901	-0.0310987
4486	4581	0.209716	-0.0302841
4487	4582	0.211633	-0.0283671
4488	4583	0.213474	-0.0265261
4489	4584	0.215446	-0.0245543
4490	4585	0.217183	-0.022817
4491	4586	0.219197	-0.0208031
4492	4587	0.220521	-0.0194793
4493	4588	0.221656	-0.0183442
4494	4589	0.22191	-0.0180901
4495	4590	0.222486	-0.0175138
4496	4591	0.223438	-0.0165618
4497	4592	0.222733	-0.0172673
4498	4593	0.220611	-0.0193891
4499	4594	0.218181	-0.0218193
4500	4595	0.215628	-0.024372
4501	4596	0.213545	-0.0264546
4502	4597	0.211549	-0.0284505
4503	4598	0.209939	-0.0300605
4504	4599	0.208266	-0.0317336
4505	4600	0.207075	-0.0329247
4506	4601	0.205859	-0.0341412
4507	4602	0.204229	-0.0357707
4508	4603	0.202755	-0.0372454
4509	4604	0.201809	-0.0381907
4510	4605	0.200522	-0.0394783
4511	4606	0.199657	-0.040343
4512	4607	0.199074	-0.0409264
4513	4608	0.199213	-0.0407873
4514	4609	0.199013	-0.0409866
4515	4610	0.198471	-0.0415288
4516	4611	0.198429	-0.0415705
4517	4612	0.198412	-0.041588
4518	4613	0.198116	-0.0418838
4519	4614	0.197586	-0.0424139
4520	4615	0.197498	-0.0425016
4521	4616	0.198016	-0.0419838
4522	4617	0.198956	-0.0410442
4523	4618	0.200801	-0.0391991
4524	4619	0.203258	-0.0367422
4525	4620	0.206002	-0.033998
4526	4621	0.208618	-0.0313821
4527	4622	0.211637	-0.0283631
4528	4623	0.214976	-0.0250244
4529	4624	0.21788	-0.0221196
4530	4625	0.220358	-0.0196423
4531	4626	0.222145	-0.0178549
4532	4627	0.223329	-0.0166711
4533	4628	0.223301	-0.0166986
4534	4629	0.222106	-0.0178938
4535	4630	0.220639	-0.0193612
4536	4631	0.218883	-0.0211166
4537	4632	0.216816	-0.0231843
4538	4633	0.215037	-0.024963
4539	4634	0.213075	-0.0269247
4540	4635	0.211613	-0.0283867
4541	4636	0.210955	-0.0290453
4542	4637	0.210475	-0.0295245
4543	4638	0.210452	-0.0295481
4544	4639	0.21039	-0.0296096
4545	4640	0.21027	-0.0297302
4546	4641	0.210478	-0.0295216
4547	4642	0.21026	-0.0297403
4548	4643	0.211021	-0.0289787
4549	4644	0.212433	-0.0275672
4550	4645	0.212957	-0.0270425
4551	4646	0.21196	-0.0280398
4552	4647	0.210778	-0.0292218
4553	4648	0.209033	-0.0309674
4554	4649	0.206827	-0.0331732
4555	4650	0.204123	-0.0358769
4556	4651	0.201297	-0.038703
4557	4652	0.199302	-0.0406983
4558	4653	0.198007	-0.0419931
4559	4654	0.196659	-0.0433405
4560	4655	0.195672	-0.0443285
4561	4656	0.194119	-0.0458813
4562	4657	0.192898	-0.0471025
4563	4658	0.192388	-0.0476118
4564	4659	0.191445	-0.0485554
4565	4660	0.190308	-0.049692
4575	4670	0.190048	-0.0499517
4576	4671	0.190992	-0.0490082
4577	4672	0.191334	-0.0486658
4578	4673	0.19165	-0.0483496
4579	4674	0.217097	-0.0229028
4580	4675	0.229039	-0.0109606
4581	4676	0.227121	-0.0128792
4582	4677	0.217833	-0.0221671
4583	4678	0.196023	-0.0439773
4694	4789	0.195168	-0.0448323
4740	4835	0.192802	-0.0471978
4741	4836	0.194598	-0.045402
4742	4837	0.193396	-0.0466036
4743	4838	0.190488	-0.0495123
4934	5029	0.192283	-0.0477174
4935	5030	0.193847	-0.0461531
4936	5031	0.194911	-0.0450894
4937	5032	0.19473	-0.0452704
4938	5033	0.194259	-0.0457406
4939	5034	0.192766	-0.0472344
4940	5035	0.190537	-0.0494628
5085	5180	0.190742	-0.0492579
5086	5181	0.191892	-0.0481077
5087	5182	0.19289	-0.0471103
5088	5183	0.193348	-0.0466522
5089	5184	0.193956	-0.0460438
5090	5185	0.194005	-0.0459949
5091	5186	0.194057	-0.0459426
5092	5187	0.193556	-0.0464436
5093	5188	0.192947	-0.0470527
5094	5189	0.192641	-0.0473587
5095	5190	0.193879	-0.0461205
5096	5191	0.195059	-0.0449413
5097	5192	0.19612	-0.0438798
5098	5193	0.19741	-0.0425899
5099	5194	0.199243	-0.0407569
5100	5195	0.200832	-0.0391677
5101	5196	0.202469	-0.0375315
5102	5197	0.203764	-0.0362363
5103	5198	0.205071	-0.0349292
5104	5199	0.206108	-0.0338918
5105	5200	0.207659	-0.0323412
5106	5201	0.209133	-0.0308674
5107	5202	0.209893	-0.0301069
5108	5203	0.20977	-0.0302303
5109	5204	0.209488	-0.0305121
5110	5205	0.208952	-0.0310478
5111	5206	0.207969	-0.0320313
5112	5207	0.205948	-0.0340522
5113	5208	0.203129	-0.0368706
5114	5209	0.200428	-0.0395721
5115	5210	0.197998	-0.0420017
5116	5211	0.196257	-0.0437427
5117	5212	0.195731	-0.0442687
5118	5213	0.194271	-0.0457288
5119	5214	0.193191	-0.0468091
5120	5215	0.191383	-0.0486173
5150	5245	0.190955	-0.0490449
5151	5246	0.192055	-0.0479447
5152	5247	0.192895	-0.0471052
5153	5248	0.192767	-0.0472335
5154	5249	0.192711	-0.047289
5155	5250	0.192026	-0.0479741
5156	5251	0.190578	-0.0494224
5163	5258	0.191653	-0.0483472
5164	5259	0.194442	-0.0455577
5165	5260	0.19701	-0.0429903
5166	5261	0.198266	-0.041734
5167	5262	0.200181	-0.0398186
5168	5263	0.201799	-0.0382012
5169	5264	0.202974	-0.0370265
5170	5265	0.204059	-0.0359409
5171	5266	0.20595	-0.0340498
5172	5267	0.207552	-0.0324482
5173	5268	0.208486	-0.031514
5174	5269	0.209219	-0.0307813
5175	5270	0.209379	-0.030621
5176	5271	0.209241	-0.0307586
5177	5272	0.208553	-0.0314469
5178	5273	0.207409	-0.0325905
5179	5274	0.206547	-0.033453
5180	5275	0.205247	-0.0347525
5181	5276	0.203783	-0.0362175
5182	5277	0.202327	-0.0376729
5183	5278	0.20121	-0.0387905
5184	5279	0.200232	-0.0397682
5185	5280	0.198878	-0.0411217
5186	5281	0.197016	-0.0429843
5187	5282	0.194613	-0.0453865
5188	5283	0.192342	-0.0476583
5189	5284	0.190693	-0.0493069
5217	5312	0.190061	-0.0499387
5218	5313	0.190996	-0.0490037
5219	5314	0.191213	-0.0487869
5220	5315	0.191719	-0.0482813
5221	5316	0.192122	-0.0478784
5222	5317	0.192765	-0.0472346
5223	5318	0.1923	-0.0477003
5224	5319	0.190999	-0.0490012
5570	5665	0.19061	-0.0493895
5571	5666	0.194588	-0.0454119
5572	5667	0.198298	-0.0417024
5573	5668	0.201352	-0.0386477
5574	5669	0.203644	-0.0363558
5575	5670	0.205609	-0.0343913
5576	5671	0.20706	-0.0329404
5577	5672	0.209066	-0.0309337
5578	5673	0.210454	-0.0295465
5579	5674	0.211074	-0.0289258
5580	5675	0.212541	-0.0274592
5581	5676	0.213651	-0.0263495
5582	5677	0.214238	-0.0257624
5583	5678	0.215289	-0.0247106
5584	5679	0.21609	-0.0239098
5585	5680	0.216313	-0.0236869
5586	5681	0.216408	-0.023592
5587	5682	0.216167	-0.0238335
5588	5683	0.21667	-0.0233297
5589	5684	0.215993	-0.0240067
5590	5685	0.21568	-0.0243204
5591	5686	0.215672	-0.0243283
5592	5687	0.215349	-0.0246508
5593	5688	0.215406	-0.0245936
5594	5689	0.214725	-0.025275
5595	5690	0.213833	-0.0261672
5596	5691	0.212959	-0.0270408
5597	5692	0.212243	-0.027757
5598	5693	0.211595	-0.0284049
5599	5694	0.210798	-0.0292017
5600	5695	0.210063	-0.0299371
5601	5696	0.208836	-0.0311639
5602	5697	0.207489	-0.0325107
5603	5698	0.20568	-0.03432
5604	5699	0.203598	-0.0364017
5605	5700	0.201858	-0.0381416
5606	5701	0.199725	-0.0402751
5607	5702	0.197484	-0.0425161
5608	5703	0.195016	-0.0449841
5609	5704	0.192206	-0.0477944
6049	6144	0.190674	-0.0493258
6050	6145	0.193857	-0.0461428
6051	6146	0.19664	-0.0433599
6052	6147	0.198714	-0.0412861
6053	6148	0.19913	-0.0408699
6054	6149	0.198778	-0.0412216
6055	6150	0.19878	-0.0412204
6056	6151	0.198641	-0.0413589
6057	6152	0.198528	-0.0414723
6058	6153	0.198362	-0.0416375
6059	6154	0.197404	-0.0425964
6060	6155	0.197726	-0.0422738
6061	6156	0.197948	-0.0420522
6062	6157	0.198158	-0.0418424
6063	6158	0.198728	-0.0412719
6064	6159	0.198738	-0.0412615
6065	6160	0.198421	-0.0415794
6066	6161	0.19768	-0.0423201
6067	6162	0.197259	-0.0427407
6068	6163	0.196571	-0.0434292
6069	6164	0.196467	-0.0435335
6070	6165	0.196896	-0.0431035
6071	6166	0.1975	-0.0425005
6072	6167	0.198428	-0.0415723
6073	6168	0.199237	-0.0407631
6074	6169	0.199752	-0.040248
6075	6170	0.200519	-0.0394805
6076	6171	0.20137	-0.0386304
6077	6172	0.202921	-0.037079
6078	6173	0.204199	-0.0358011
6079	6174	0.20543	-0.0345701
6080	6175	0.206072	-0.033928
6081	6176	0.20628	-0.03372
6082	6177	0.206171	-0.0338295
6083	6178	0.206318	-0.0336825
6084	6179	0.206476	-0.0335235
6085	6180	0.206062	-0.033938
6086	6181	0.204896	-0.0351043
6087	6182	0.203474	-0.0365259
6088	6183	0.201867	-0.0381332
6089	6184	0.20064	-0.0393599
6090	6185	0.199133	-0.0408672
6091	6186	0.202869	-0.0371308
6092	6187	0.203627	-0.0363735
6093	6188	0.202937	-0.0370633
6094	6189	0.20043	-0.0395704
6095	6190	0.19691	-0.0430899
6096	6191	0.192614	-0.047386
6205	6300	0.191593	-0.0484067
6206	6301	0.194694	-0.0453057
6207	6302	0.196184	-0.0438165
6208	6303	0.195869	-0.0441307
6209	6304	0.193765	-0.0462346
6210	6305	0.194781	-0.0452189
6211	6306	0.194987	-0.0450127
6212	6307	0.194909	-0.0450915
6213	6308	0.194889	-0.0451115
6214	6309	0.194318	-0.0456818
6215	6310	0.193461	-0.0465394
6216	6311	0.192281	-0.0477189
6217	6312	0.191608	-0.048392
6218	6313	0.190632	-0.0493677
6223	6318	0.190303	-0.0496965
6224	6319	0.190617	-0.0493833
6225	6320	0.191031	-0.0489688
6226	6321	0.191306	-0.0486938
6227	6322	0.19185	-0.0481495
6228	6323	0.192343	-0.0476575
6229	6324	0.192535	-0.0474652
6230	6325	0.192843	-0.0471574
6231	6326	0.193022	-0.0469781
6232	6327	0.192866	-0.0471337
6233	6328	0.192952	-0.0470484
6234	6329	0.193025	-0.0469749
6235	6330	0.19333	-0.0466704
6236	6331	0.193077	-0.0469232
6237	6332	0.192879	-0.0471214
6238	6333	0.192747	-0.0472533
6239	6334	0.192729	-0.047271
6240	6335	0.192588	-0.0474119
6241	6336	0.192971	-0.0470285
6242	6337	0.193184	-0.0468164
6243	6338	0.193337	-0.0466633
6244	6339	0.193355	-0.0466448
6245	6340	0.192464	-0.0475362
6246	6341	0.191768	-0.0482323
6247	6342	0.190989	-0.0490113
6319	6414	0.190553	-0.0494469
6320	6415	0.19106	-0.0489399
6321	6416	0.191368	-0.048632
6322	6417	0.191981	-0.0480192
6323	6418	0.192299	-0.0477006
6324	6419	0.192445	-0.047555
6325	6420	0.192572	-0.047428
6326	6421	0.192834	-0.0471661
6327	6422	0.192971	-0.0470289
6328	6423	0.193309	-0.0466914
6329	6424	0.19333	-0.0466702
6330	6425	0.193	-0.0469998
6331	6426	0.192177	-0.0478235
6332	6427	0.191455	-0.048545
6333	6428	0.190737	-0.0492629
6334	6429	0.190164	-0.0498364
6336	6431	0.190174	-0.0498255
6337	6432	0.190218	-0.0497815
6338	6433	0.190165	-0.0498354
6340	6435	0.190016	-0.0499836
6344	6439	0.190163	-0.049837
6345	6440	0.190495	-0.0495048
6346	6441	0.190473	-0.0495268
6347	6442	0.190603	-0.0493975
6348	6443	0.190965	-0.0490346
6349	6444	0.191135	-0.0488654
6350	6445	0.191533	-0.0484669
6351	6446	0.192647	-0.0473528
6352	6447	0.193802	-0.0461979
6353	6448	0.194957	-0.0450435
6354	6449	0.196012	-0.043988
6355	6450	0.197128	-0.0428717
6356	6451	0.198623	-0.0413769
6357	6452	0.199667	-0.0403327
6358	6453	0.200898	-0.0391017
6359	6454	0.201632	-0.0383679
6360	6455	0.202234	-0.0377662
6361	6456	0.202839	-0.0371607
6362	6457	0.204194	-0.0358064
6363	6458	0.205028	-0.0349724
6364	6459	0.205931	-0.0340689
6365	6460	0.206617	-0.0333829
6366	6461	0.207365	-0.0326345
6367	6462	0.207771	-0.0322286
6368	6463	0.207713	-0.0322871
6369	6464	0.207537	-0.0324629
6370	6465	0.207055	-0.0329449
6371	6466	0.205533	-0.0344669
6372	6467	0.204569	-0.0354312
6373	6468	0.20354	-0.0364604
6374	6469	0.201508	-0.0384916
6375	6470	0.199569	-0.0404309
6376	6471	0.197638	-0.0423619
6377	6472	0.19522	-0.0447803
6378	6473	0.192745	-0.0472548
6475	6570	0.192198	-0.0478022
6476	6571	0.193494	-0.046506
6477	6572	0.194507	-0.0454934
6478	6573	0.19475	-0.0452504
6479	6574	0.194717	-0.0452835
6480	6575	0.193936	-0.046064
6481	6576	0.193896	-0.046104
6482	6577	0.19263	-0.0473704
6483	6578	0.191025	-0.0489749
6495	6590	0.190134	-0.0498664
6496	6591	0.191346	-0.0486543
6497	6592	0.192552	-0.0474485
6498	6593	0.193724	-0.0462764
6499	6594	0.195036	-0.0449639
6500	6595	0.196596	-0.0434041
6501	6596	0.198023	-0.0419773
6502	6597	0.199153	-0.0408474
6503	6598	0.202979	-0.0370213
6504	6599	0.203778	-0.0362218
6505	6600	0.203799	-0.0362008
6506	6601	0.203266	-0.0367342
6507	6602	0.202052	-0.0379484
6508	6603	0.200294	-0.0397059
6509	6604	0.197627	-0.0423732
6510	6605	0.1942	-0.0458003
6511	6606	0.190303	-0.049697
6631	6726	0.191424	-0.0485758
6632	6727	0.193201	-0.0467994
6633	6728	0.19486	-0.0451396
6634	6729	0.196237	-0.043763
6635	6730	0.197279	-0.0427206
6636	6731	0.198741	-0.041259
6637	6732	0.200108	-0.0398922
6638	6733	0.201053	-0.0389468
6639	6734	0.201411	-0.0385887
6640	6735	0.202006	-0.0379944
6641	6736	0.201956	-0.0380441
6642	6737	0.201644	-0.0383561
6643	6738	0.201599	-0.0384007
6644	6739	0.201077	-0.0389226
6645	6740	0.200129	-0.0398712
6646	6741	0.199867	-0.040133
6647	6742	0.199976	-0.0400241
6648	6743	0.199756	-0.0402444
6649	6744	0.200031	-0.0399694
6650	6745	0.199786	-0.0402137
6651	6746	0.19894	-0.0410604
6652	6747	0.198262	-0.0417378
6653	6748	0.197506	-0.0424941
6654	6749	0.196787	-0.0432134
6655	6750	0.196614	-0.0433857
6656	6751	0.195668	-0.0443324
6657	6752	0.194743	-0.0452575
6658	6753	0.193435	-0.0465653
6659	6754	0.192178	-0.0478225
6660	6755	0.19055	-0.0494499
6723	6818	0.191975	-0.0480252
6724	6819	0.193424	-0.0465761
6725	6820	0.1949	-0.0450995
6726	6821	0.196729	-0.0432711
6727	6822	0.198736	-0.0412636
6728	6823	0.200576	-0.0394239
6729	6824	0.202265	-0.0377348
6730	6825	0.203495	-0.0365052
6731	6826	0.204379	-0.0356212
6732	6827	0.204283	-0.0357169
6733	6828	0.203725	-0.036275
6734	6829	0.202982	-0.0370179
6735	6830	0.20213	-0.0378702
6736	6831	0.201075	-0.0389253
6737	6832	0.200562	-0.0394382
6738	6833	0.20017	-0.0398299
6739	6834	0.199521	-0.0404787
6740	6835	0.199117	-0.0408826
6741	6836	0.198964	-0.0410359
6742	6837	0.198574	-0.0414258
6743	6838	0.199017	-0.040983
6744	6839	0.199872	-0.0401279
6745	6840	0.200851	-0.0391488
6746	6841	0.202523	-0.0374769
6747	6842	0.204101	-0.0358989
6748	6843	0.205876	-0.0341242
6749	6844	0.207575	-0.0324254
6750	6845	0.208939	-0.0310609
6751	6846	0.210118	-0.0298825
6752	6847	0.211705	-0.0282952
6753	6848	0.213038	-0.0269624
6754	6849	0.214498	-0.0255016
6755	6850	0.216021	-0.0239792
6756	6851	0.217634	-0.0223656
6757	6852	0.218891	-0.021109
6758	6853	0.220142	-0.0198576
6759	6854	0.221152	-0.0188478
6760	6855	0.221401	-0.0185992
6761	6856	0.22117	-0.0188299
6762	6857	0.221002	-0.0189982
6763	6858	0.220734	-0.0192657
6764	6859	0.220507	-0.0194925
6765	6860	0.221328	-0.0186719
6766	6861	0.221442	-0.0185581
6767	6862	0.222045	-0.0179552
6768	6863	0.222156	-0.017844
6769	6864	0.222515	-0.0174846
6770	6865	0.223083	-0.016917
6771	6866	0.224036	-0.0159636
6772	6867	0.225246	-0.0147537
6773	6868	0.227385	-0.0126149
6774	6869	0.230327	-0.00967293
6775	6870	0.232783	-0.00721737
6776	6871	0.234697	-0.00530302
6777	6872	0.236415	-0.00358508
6778	6873	0.238143	-0.00185731
6779	6874	0.239285	-0.000715226
6780	6875	0.239878	-0.000121978
6781	6876	0.239934	-6.56243e-05
6782	6877	0.239461	-0.000539221
6783	6878	0.238306	-0.0016937
6784	6879	0.237162	-0.00283756
6785	6880	0.235583	-0.00441708
6786	6881	0.233785	-0.00621508
6787	6882	0.232049	-0.00795112
6788	6883	0.229256	-0.0107445
6789	6884	0.227038	-0.0129616
6790	6885	0.224948	-0.0150516
6791	6886	0.224145	-0.0158553
6792	6887	0.22341	-0.01659
6793	6888	0.222984	-0.0170156
6794	6889	0.22349	-0.0165097
6795	6890	0.224016	-0.0159845
6796	6891	0.224104	-0.015896
6797	6892	0.223677	-0.0163233
6798	6893	0.223008	-0.0169925
6799	6894	0.222531	-0.0174688
6800	6895	0.222168	-0.0178319
6801	6896	0.221847	-0.0181533
6802	6897	0.2215	-0.0185002
6803	6898	0.221268	-0.018732
6804	6899	0.221346	-0.0186539
6805	6900	0.221454	-0.0185464
6806	6901	0.221784	-0.0182165
6807	6902	0.221851	-0.0181486
6808	6903	0.222498	-0.0175015
6809	6904	0.223303	-0.0166967
6810	6905	0.223977	-0.0160232
6811	6906	0.225313	-0.014687
6812	6907	0.226306	-0.0136943
6813	6908	0.22728	-0.01272
6814	6909	0.228134	-0.0118664
6815	6910	0.228858	-0.0111423
6816	6911	0.229749	-0.0102508
6817	6912	0.229723	-0.0102768
6818	6913	0.229456	-0.0105438
6819	6914	0.228756	-0.011244
6820	6915	0.227737	-0.0122628
6821	6916	0.226401	-0.0135994
6822	6917	0.22472	-0.0152803
6823	6918	0.222965	-0.0170349
6824	6919	0.22088	-0.0191195
6825	6920	0.21936	-0.0206399
6826	6921	0.218375	-0.0216252
6827	6922	0.217614	-0.022386
6828	6923	0.21704	-0.0229596
6829	6924	0.217055	-0.0229452
6830	6925	0.217514	-0.0224857
6831	6926	0.218959	-0.0210412
6832	6927	0.220534	-0.019466
6833	6928	0.222345	-0.0176547
6834	6929	0.224	-0.0159999
6835	6930	0.225805	-0.0141946
6836	6931	0.22807	-0.0119301
6837	6932	0.230686	-0.00931447
6838	6933	0.23344	-0.00655966
6839	6934	0.235156	-0.00484373
6840	6935	0.23623	-0.00376981
6841	6936	0.236672	-0.00332814
6842	6937	0.236307	-0.00369291
6843	6938	0.235543	-0.00445713
6844	6939	0.234272	-0.00572766
6845	6940	0.233117	-0.00688256
6846	6941	0.23191	-0.0080898
6847	6942	0.231039	-0.00896063
6848	6943	0.229957	-0.0100431
6849	6944	0.228841	-0.0111587
6850	6945	0.227677	-0.0123229
6851	6946	0.226303	-0.0136968
6852	6947	0.225165	-0.0148345
6853	6948	0.225225	-0.0147749
6854	6949	0.224797	-0.0152028
6855	6950	0.224485	-0.0155151
6856	6951	0.224237	-0.0157633
6857	6952	0.224493	-0.015507
6858	6953	0.225403	-0.0145971
6859	6954	0.226563	-0.013437
6860	6955	0.228005	-0.0119954
6861	6956	0.228969	-0.0110307
6862	6957	0.230427	-0.00957329
6863	6958	0.231561	-0.00843935
6864	6959	0.232365	-0.00763494
6865	6960	0.232673	-0.00732653
6866	6961	0.232752	-0.00724798
6867	6962	0.232339	-0.00766126
6868	6963	0.231846	-0.00815391
6869	6964	0.230832	-0.0091682
6870	6965	0.229813	-0.0101873
6871	6966	0.228892	-0.0111081
6872	6967	0.228179	-0.0118209
6873	6968	0.227282	-0.0127181
6874	6969	0.226715	-0.0132852
6875	6970	0.226324	-0.0136759
6876	6971	0.2253	-0.0146999
6877	6972	0.224327	-0.0156726
6878	6973	0.223308	-0.0166923
6879	6974	0.222982	-0.0170177
6880	6975	0.222627	-0.0173731
6881	6976	0.222552	-0.0174478
6882	6977	0.222837	-0.0171631
6883	6978	0.222797	-0.0172029
6884	6979	0.222857	-0.0171433
6885	6980	0.221922	-0.0180778
6886	6981	0.220395	-0.0196051
6887	6982	0.218929	-0.021071
6888	6983	0.21773	-0.0222704
6889	6984	0.216859	-0.0231408
6890	6985	0.216541	-0.023459
6891	6986	0.216431	-0.0235688
6892	6987	0.217147	-0.0228525
6893	6988	0.217895	-0.0221054
6894	6989	0.219129	-0.0208708
6895	6990	0.220289	-0.0197107
6896	6991	0.221215	-0.0187847
6897	6992	0.221931	-0.0180693
6898	6993	0.222116	-0.0178842
6899	6994	0.222407	-0.0175931
6900	6995	0.222257	-0.0177431
6901	6996	0.222144	-0.0178558
6902	6997	0.221279	-0.0187214
6903	6998	0.220847	-0.0191527
6904	6999	0.219963	-0.0200372
6905	7000	0.218969	-0.0210315
6906	7001	0.21786	-0.0221396
6907	7002	0.21635	-0.0236495
6908	7003	0.215012	-0.0249875
6909	7004	0.213799	-0.0262007
6910	7005	0.212617	-0.027383
6911	7006	0.21193	-0.0280699
6912	7007	0.211412	-0.0285884
6913	7008	0.210988	-0.0290125
6914	7009	0.210941	-0.0290595
6915	7010	0.211283	-0.0287173
6916	7011	0.212138	-0.0278622
6917	7012	0.213216	-0.0267836
6918	7013	0.214316	-0.0256836
6919	7014	0.215255	-0.0247447
6920	7015	0.216316	-0.0236837
6921	7016	0.217132	-0.0228676
6922	7017	0.217742	-0.0222584
6923	7018	0.218897	-0.0211029
6924	7019	0.220241	-0.019759
6925	7020	0.221845	-0.0181548
6926	7021	0.223192	-0.016808
6927	7022	0.224099	-0.0159008
6928	7023	0.224743	-0.0152568
6929	7024	0.224947	-0.0150528
6930	7025	0.224592	-0.0154077
6931	7026	0.224402	-0.0155981
6932	7027	0.224323	-0.0156767
6933	7028	0.224095	-0.0159051
6934	7029	0.223875	-0.0161246
6935	7030	0.223565	-0.0164351
6936	7031	0.223522	-0.0164776
6937	7032	0.223368	-0.0166322
6938	7033	0.223207	-0.0167935
6939	7034	0.223284	-0.016716
6940	7035	0.222866	-0.0171338
6941	7036	0.222166	-0.0178342
6942	7037	0.221637	-0.0183627
6943	7038	0.221089	-0.0189111
6944	7039	0.220384	-0.0196157
6945	7040	0.220011	-0.019989
6946	7041	0.224057	-0.0159427
6947	7042	0.225952	-0.0140478
6948	7043	0.224764	-0.0152361
6949	7044	0.221408	-0.0185919
6950	7045	0.215346	-0.0246543
6951	7046	0.208272	-0.031728
6952	7047	0.20037	-0.0396297
6953	7048	0.192545	-0.0474547
6982	7077	0.191977	-0.0480229
6983	7078	0.19274	-0.0472599
6984	7079	0.192756	-0.0472441
6985	7080	0.192266	-0.0477343
6986	7081	0.190465	-0.0495346
7270	7365	0.190725	-0.049275
7271	7366	0.191623	-0.0483771
7272	7367	0.193007	-0.0469925
7273	7368	0.194345	-0.045655
7274	7369	0.195623	-0.044377
7275	7370	0.196689	-0.0433108
7276	7371	0.197152	-0.0428484
7277	7372	0.197007	-0.0429926
7278	7373	0.196613	-0.043387
7279	7374	0.196111	-0.0438887
7280	7375	0.197566	-0.0424336
7281	7376	0.19817	-0.0418297
7282	7377	0.197905	-0.0420945
7283	7378	0.196848	-0.0431522
7284	7379	0.195856	-0.0441443
7285	7380	0.194098	-0.0459015
7286	7381	0.191825	-0.0481755
7323	7418	0.190581	-0.0494193
7324	7419	0.193096	-0.0469036
7325	7420	0.195258	-0.0447418
7326	7421	0.197079	-0.0429215
7327	7422	0.197825	-0.0421751
7328	7423	0.199305	-0.0406951
7329	7424	0.199831	-0.0401686
7330	7425	0.199647	-0.0403526
7331	7426	0.200284	-0.0397156
7332	7427	0.201092	-0.038908
7333	7428	0.20173	-0.03827
7334	7429	0.202869	-0.0371307
7335	7430	0.203037	-0.0369631
7336	7431	0.203462	-0.0365377
7337	7432	0.204207	-0.0357934
7338	7433	0.204716	-0.0352843
7339	7434	0.204771	-0.0352293
7340	7435	0.204898	-0.0351023
7341	7436	0.204996	-0.0350037
7342	7437	0.203742	-0.0362578
7343	7438	0.202558	-0.0374423
7344	7439	0.202689	-0.0373109
7345	7440	0.20351	-0.0364898
7346	7441	0.204402	-0.0355976
7347	7442	0.204397	-0.0356033
7348	7443	0.2042	-0.0358001
7349	7444	0.2033	-0.0367002
7350	7445	0.202483	-0.0375172
7351	7446	0.201483	-0.0385168
7352	7447	0.200013	-0.039987
7353	7448	0.198768	-0.0412322
7354	7449	0.197654	-0.042346
7355	7450	0.196407	-0.0435928
7356	7451	0.194738	-0.0452622
7357	7452	0.192884	-0.0471157
7358	7453	0.190437	-0.049563
7675	7770	0.191734	-0.0482659
7676	7771	0.193888	-0.0461119
7677	7772	0.194151	-0.0458489
7678	7773	0.192591	-0.0474089
7729	7824	0.190427	-0.0495729
7730	7825	0.191118	-0.0488816
7731	7826	0.191434	-0.0485661
7732	7827	0.191706	-0.0482939
7733	7828	0.191285	-0.0487147
7734	7829	0.190569	-0.0494308
7764	7859	0.190189	-0.0498105
7765	7860	0.191796	-0.048204
7766	7861	0.192858	-0.0471421
7767	7862	0.193892	-0.0461075
7768	7863	0.195134	-0.044866
7769	7864	0.195962	-0.0440378
7770	7865	0.196474	-0.0435264
7771	7866	0.196852	-0.0431478
7772	7867	0.197232	-0.042768
7773	7868	0.197756	-0.0422435
7774	7869	0.198301	-0.0416992
7775	7870	0.199377	-0.0406231
7776	7871	0.205883	-0.0341169
7777	7872	0.210554	-0.0294455
7778	7873	0.21314	-0.0268596
7779	7874	0.21391	-0.02609
7780	7875	0.21151	-0.0284898
7781	7876	0.208418	-0.031582
7782	7877	0.204206	-0.0357945
7783	7878	0.198193	-0.0418074
7784	7879	0.1909	-0.0491004
7997	8092	0.190311	-0.0496894
7998	8093	0.194413	-0.0455874
7999	8094	0.19776	-0.04224
8000	8095	0.200032	-0.0399677
8001	8096	0.200495	-0.0395051
8002	8097	0.199348	-0.0406524
8003	8098	0.200538	-0.0394623
8004	8099	0.20224	-0.0377603
8005	8100	0.203868	-0.0361316
8006	8101	0.205843	-0.034157
8007	8102	0.207701	-0.0322993
8008	8103	0.209675	-0.0303253
8009	8104	0.211303	-0.0286967
8010	8105	0.210807	-0.029193
8011	8106	0.209762	-0.0302382
8012	8107	0.208732	-0.0312679
8013	8108	0.208786	-0.031214
8014	8109	0.208737	-0.0312626
8015	8110	0.208782	-0.0312185
8016	8111	0.209024	-0.0309758
8017	8112	0.209709	-0.0302909
8018	8113	0.211129	-0.0288712
8019	8114	0.212438	-0.0275619
8020	8115	0.21366	-0.0263398
8021	8116	0.215562	-0.024438
8022	8117	0.217604	-0.0223961
8023	8118	0.219707	-0.0202932
8024	8119	0.221641	-0.0183593
8025	8120	0.223024	-0.0169765
8026	8121	0.225359	-0.0146409
8027	8122	0.227893	-0.0121065
8028	8123	0.23045	-0.00954972
8029	8124	0.232413	-0.00758722
8030	8125	0.23368	-0.00631984
8031	8126	0.234644	-0.00535638
8032	8127	0.234711	-0.00528941
8033	8128	0.235024	-0.00497568
8034	8129	0.234468	-0.00553187
8035	8130	0.234417	-0.00558316
8036	8131	0.234349	-0.00565131
8037	8132	0.233742	-0.00625769
8038	8133	0.23253	-0.0074702
8039	8134	0.231732	-0.00826757
8040	8135	0.230561	-0.00943851
8041	8136	0.229314	-0.010686
8042	8137	0.227469	-0.0125314
8043	8138	0.225485	-0.0145149
8044	8139	0.223354	-0.0166455
8045	8140	0.220373	-0.0196266
8046	8141	0.217498	-0.022502
8047	8142	0.214997	-0.0250031
8048	8143	0.212921	-0.0270788
8049	8144	0.211112	-0.0288884
8050	8145	0.209647	-0.0303528
8051	8146	0.208242	-0.0317584
8052	8147	0.207103	-0.0328968
8053	8148	0.20664	-0.0333601
8054	8149	0.205613	-0.0343871
8055	8150	0.205009	-0.0349911
8056	8151	0.204306	-0.035694
8057	8152	0.20466	-0.0353397
8058	8153	0.204799	-0.0352013
8059	8154	0.204653	-0.0353472
8060	8155	0.203579	-0.0364207
8061	8156	0.202453	-0.0375467
8062	8157	0.201285	-0.0387148
8063	8158	0.200554	-0.0394458
8064	8159	0.199541	-0.0404589
8065	8160	0.198621	-0.0413794
8066	8161	0.197573	-0.0424272
8067	8162	0.19596	-0.0440396
8068	8163	0.194895	-0.0451054
8069	8164	0.193678	-0.0463216
8070	8165	0.192847	-0.0471531
8071	8166	0.191536	-0.0484645
8072	8167	0.190143	-0.0498573
8621	8716	0.192433	-0.0475669
8622	8717	0.197435	-0.0425649
8623	8718	0.200678	-0.0393217
8624	8719	0.201987	-0.0380125
8625	8720	0.201363	-0.0386372
8626	8721	0.200003	-0.0399966
8627	8722	0.197486	-0.0425144
8628	8723	0.198863	-0.0411368
8629	8724	0.199942	-0.0400584
8630	8725	0.201066	-0.0389335
8631	8726	0.202177	-0.0378233
8632	8727	0.203246	-0.0367541
8633	8728	0.204306	-0.035694
8634	8729	0.205195	-0.0348047
8635	8730	0.205525	-0.0344748
8636	8731	0.205843	-0.034157
8637	8732	0.20547	-0.03453
8638	8733	0.204916	-0.0350844
8639	8734	0.20455	-0.0354502
8640	8735	0.204167	-0.0358333
8641	8736	0.2036	-0.0363997
8642	8737	0.202269	-0.0377306
8643	8738	0.200915	-0.0390849
8644	8739	0.199558	-0.0404418
8645	8740	0.197957	-0.0420425
8646	8741	0.196939	-0.0430612
8647	8742	0.196145	-0.0438554
8648	8743	0.195959	-0.0440408
8649	8744	0.196527	-0.0434726
8650	8745	0.197263	-0.0427369
8651	8746	0.198662	-0.041338
8652	8747	0.200691	-0.0393091
8653	8748	0.20236	-0.0376403
8654	8749	0.204202	-0.035798
8655	8750	0.206264	-0.0337363
8656	8751	0.208364	-0.0316362
8657	8752	0.210174	-0.0298262
8658	8753	0.212016	-0.0279836
8659	8754	0.213555	-0.0264447
8660	8755	0.214933	-0.0250668
8661	8756	0.216019	-0.023981
8662	8757	0.216792	-0.0232083
8663	8758	0.217434	-0.022566
8664	8759	0.217894	-0.0221061
8665	8760	0.218682	-0.0213184
8666	8761	0.21943	-0.0205699
8667	8762	0.219938	-0.0200619
8668	8763	0.22024	-0.0197601
8669	8764	0.219803	-0.0201966
8670	8765	0.220149	-0.0198509
8671	8766	0.220597	-0.0194033
8672	8767	0.220631	-0.0193688
8673	8768	0.220764	-0.0192363
8674	8769	0.220334	-0.0196661
8675	8770	0.21945	-0.0205495
8676	8771	0.218142	-0.0218585
8677	8772	0.216936	-0.0230636
8678	8773	0.215774	-0.0242257
8679	8774	0.214396	-0.0256038
8680	8775	0.212775	-0.0272249
8681	8776	0.210792	-0.0292084
8682	8777	0.209302	-0.0306978
8683	8778	0.208016	-0.0319841
8684	8779	0.206633	-0.0333671
8685	8780	0.205689	-0.034311
8686	8781	0.205222	-0.0347779
8687	8782	0.205119	-0.0348812
8688	8783	0.205195	-0.0348045
8689	8784	0.205418	-0.0345816
8690	8785	0.205563	-0.034437
8691	8786	0.205502	-0.0344975
8692	8787	0.205693	-0.0343072
8693	8788	0.205473	-0.0345269
8694	8789	0.205464	-0.0345362
8695	8790	0.205719	-0.034281
8696	8791	0.205765	-0.0342354
8697	8792	0.205522	-0.0344778
8698	8793	0.204511	-0.0354889
8699	8794	0.204429	-0.0355707
8700	8795	0.20454	-0.0354597
8701	8796	0.204445	-0.0355551
8702	8797	0.20404	-0.0359602
8703	8798	0.203322	-0.036678
8704	8799	0.203375	-0.036625
8705	8800	0.202948	-0.0370516
8706	8801	0.20223	-0.0377702
8707	8802	0.20157	-0.0384303
8708	8803	0.201066	-0.0389336
8709	8804	0.200302	-0.039698
8710	8805	0.199287	-0.0407133
8711	8806	0.197973	-0.0420268
8712	8807	0.196282	-0.0437182
8713	8808	0.193834	-0.0461658
8714	8809	0.19134	-0.0486605
9022	9117	0.190468	-0.0495316
9023	9118	0.191942	-0.0480576
9024	9119	0.192806	-0.0471943
9025	9120	0.191977	-0.0480233
9026	9121	0.191008	-0.0489924
9060	9155	0.220202	-0.0197981
9061	9156	0.25009	0.0100895
9062	9157	0.251056	0.0110564
9063	9158	0.22647	-0.01353
9231	9326	0.191059	-0.0489413
9232	9327	0.192053	-0.0479473
9233	9328	0.19225	-0.0477499
9234	9329	0.191829	-0.0481705
9235	9330	0.191217	-0.0487825
9236	9331	0.190072	-0.0499277
9369	9464	0.191626	-0.0483743
9370	9465	0.195231	-0.0447689
9371	9466	0.198644	-0.0413558
9372	9467	0.202042	-0.0379576
9373	9468	0.205469	-0.0345314
9374	9469	0.208687	-0.0313134
9375	9470	0.211287	-0.0287128
9376	9471	0.213597	-0.0264034
9377	9472	0.215961	-0.0240391
9378	9473	0.218259	-0.0217407
9379	9474	0.220145	-0.0198548
9380	9475	0.222582	-0.017418
9381	9476	0.224846	-0.0151542
9382	9477	0.226083	-0.0139167
9383	9478	0.226702	-0.0132983
9384	9479	0.226547	-0.0134529
9385	9480	0.226079	-0.0139206
9386	9481	0.226047	-0.0139527
9387	9482	0.225926	-0.0140738
9388	9483	0.225836	-0.0141636
9389	9484	0.225579	-0.0144212
9390	9485	0.224988	-0.0150121
9391	9486	0.224769	-0.015231
9392	9487	0.224955	-0.0150448
9393	9488	0.225127	-0.0148731
9394	9489	0.224787	-0.0152129
9395	9490	0.224031	-0.0159689
9396	9491	0.223322	-0.0166784
9397	9492	0.222513	-0.0174868
9398	9493	0.221951	-0.0180487
9399	9494	0.221452	-0.0185479
9400	9495	0.22081	-0.0191896
9401	9496	0.219793	-0.0202065
9402	9497	0.21834	-0.02166
9403	9498	0.21697	-0.0230298
9404	9499	0.215996	-0.024004
9405	9500	0.215191	-0.0248094
9406	9501	0.214469	-0.0255311
9407	9502	0.214529	-0.0254712
9408	9503	0.215725	-0.0242746
9409	9504	0.217061	-0.0229387
9410	9505	0.218972	-0.021028
9411	9506	0.221185	-0.0188148
9412	9507	0.224168	-0.0158316
9413	9508	0.227457	-0.0125427
9414	9509	0.230535	-0.0094653
9415	9510	0.232867	-0.00713308
9416	9511	0.23457	-0.00543027
9417	9512	0.2359	-0.00410024
9418	9513	0.236969	-0.00303113
9419	9514	0.238116	-0.00188382
9420	9515	0.239221	-0.00077882
9421	9516	0.239415	-0.000584838
9422	9517	0.238746	-0.00125446
9423	9518	0.236897	-0.00310324
9424	9519	0.235298	-0.00470154
9425	9520	0.234514	-0.00548563
9426	9521	0.233882	-0.00611776
9427	9522	0.233725	-0.0062746
9428	9523	0.233505	-0.00649543
9429	9524	0.234068	-0.0059319
9430	9525	0.235407	-0.00459336
9431	9526	0.23603	-0.00396997
9432	9527	0.23552	-0.0044799
9433	9528	0.234975	-0.00502546
9434	9529	0.234669	-0.00533105
9435	9530	0.234274	-0.00572589
9436	9531	0.233722	-0.00627752
9437	9532	0.232782	-0.00721767
9438	9533	0.232025	-0.00797466
9439	9534	0.230827	-0.00917299
9440	9535	0.229687	-0.0103135
9441	9536	0.228664	-0.0113362
9442	9537	0.227207	-0.0127931
9443	9538	0.225316	-0.0146843
9444	9539	0.222923	-0.0170773
9445	9540	0.21972	-0.0202805
9446	9541	0.217209	-0.0227912
9447	9542	0.214986	-0.0250144
9448	9543	0.213041	-0.0269593
9449	9544	0.21175	-0.0282497
9450	9545	0.210701	-0.0292986
9451	9546	0.209983	-0.0300173
9452	9547	0.208421	-0.0315786
9453	9548	0.206453	-0.0335465
9454	9549	0.204551	-0.035449
9455	9550	0.202346	-0.0376539
9456	9551	0.200274	-0.0397262
9457	9552	0.199048	-0.0409521
9458	9553	0.197866	-0.0421344
9459	9554	0.196999	-0.0430014
9460	9555	0.196648	-0.0433517
9461	9556	0.19583	-0.0441705
9462	9557	0.194886	-0.0451145
9463	9558	0.193403	-0.0465971
9464	9559	0.190998	-0.049002
9500	9595	0.191337	-0.0486634
9501	9596	0.193525	-0.0464754
9502	9597	0.195773	-0.0442267
9503	9598	0.196596	-0.0434044
9504	9599	0.196175	-0.0438248
9505	9600	0.194882	-0.0451181
9506	9601	0.192967	-0.0470332
9507	9602	0.190468	-0.0495323
9611	9706	0.190252	-0.0497484
9612	9707	0.192126	-0.0478737
9613	9708	0.193787	-0.0462129
9614	9709	0.19547	-0.0445303
9615	9710	0.197011	-0.0429886
9616	9711	0.198081	-0.0419189
9617	9712	0.200007	-0.0399932
9618	9713	0.201338	-0.0386619
9619	9714	0.202591	-0.0374085
9620	9715	0.203698	-0.0363016
9621	9716	0.204773	-0.0352268
9622	9717	0.206006	-0.033994
9623	9718	0.206467	-0.0335333
9624	9719	0.206143	-0.0338573
9625	9720	0.205608	-0.0343919
9626	9721	0.205141	-0.0348587
9627	9722	0.20463	-0.0353698
9628	9723	0.203864	-0.0361357
9629	9724	0.202905	-0.0370949
9630	9725	0.20187	-0.0381297
9631	9726	0.200866	-0.0391337
9632	9727	0.199842	-0.0401576
9633	9728	0.198893	-0.0411067
9634	9729	0.197982	-0.0420181
9635	9730	0.197199	-0.0428007
9636	9731	0.195866	-0.0441342
9637	9732	0.194352	-0.0456481
9638	9733	0.193486	-0.0465144
9639	9734	0.192612	-0.0473883
9640	9735	0.190992	-0.0490079
9641	9736	0.190234	-0.0497662
9645	9740	0.190391	-0.0496088
9646	9741	0.191273	-0.048727
9647	9742	0.191956	-0.0480445
9648	9743	0.192845	-0.0471548
9649	9744	0.19354	-0.0464603
9650	9745	0.194586	-0.0454143
9651	9746	0.19553	-0.0444704
9652	9747	0.196812	-0.043188
9653	9748	0.197974	-0.0420257
9654	9749	0.199255	-0.0407449
9655	9750	0.20074	-0.0392598
9656	9751	0.202091	-0.0379095
9657	9752	0.203625	-0.0363752
9658	9753	0.204999	-0.0350011
9659	9754	0.206258	-0.0337424
9660	9755	0.207443	-0.0325572
9661	9756	0.208041	-0.0319588
9662	9757	0.208812	-0.031188
9663	9758	0.209607	-0.0303934
9664	9759	0.209995	-0.0300047
9665	9760	0.211029	-0.0289705
9666	9761	0.212502	-0.0274981
9667	9762	0.213796	-0.026204
9668	9763	0.214493	-0.0255069
9669	9764	0.214987	-0.0250131
9670	9765	0.215376	-0.0246237
9671	9766	0.215456	-0.0245443
9672	9767	0.215442	-0.0245581
9673	9768	0.215507	-0.0244926
9674	9769	0.21571	-0.02429
9675	9770	0.216142	-0.0238582
9676	9771	0.216874	-0.0231263
9677	9772	0.217713	-0.0222873
9678	9773	0.217927	-0.0220728
9679	9774	0.218039	-0.0219612
9680	9775	0.217574	-0.0224261
9681	9776	0.215959	-0.0240408
9682	9777	0.213977	-0.0260227
9683	9778	0.212118	-0.0278824
9684	9779	0.209988	-0.0300122
9685	9780	0.208091	-0.0319089
9686	9781	0.206199	-0.0338012
9687	9782	0.204182	-0.0358176
9688	9783	0.201823	-0.0381765
9689	9784	0.198759	-0.0412407
9690	9785	0.196866	-0.0431337
9691	9786	0.195129	-0.0448713
9692	9787	0.193192	-0.0468084
9693	9788	0.191997	-0.0480035
9694	9789	0.191376	-0.0486243
9695	9790	0.191855	-0.0481447
9696	9791	0.192733	-0.0472671
9697	9792	0.194054	-0.045946
9698	9793	0.195579	-0.0444212
9699	9794	0.196453	-0.0435467
9700	9795	0.196616	-0.0433841
9701	9796	0.19668	-0.0433195
9702	9797	0.196678	-0.0433222
9703	9798	0.196032	-0.0439677
9704	9799	0.195884	-0.0441163
9705	9800	0.196262	-0.0437384
9706	9801	0.196395	-0.0436055
9707	9802	0.196756	-0.0432444
9708	9803	0.196833	-0.0431667
9709	9804	0.196405	-0.0435952
9710	9805	0.1965	-0.0435001
9711	9806	0.19658	-0.0434196
9712	9807	0.197866	-0.0421337
9713	9808	0.198891	-0.0411089
9714	9809	0.200611	-0.0393889
9715	9810	0.203373	-0.0366269
9716	9811	0.206098	-0.0339021
9717	9812	0.209188	-0.0308117
9718	9813	0.212049	-0.0279512
9719	9814	0.214686	-0.0253136
9720	9815	0.217151	-0.0228489
9721	9816	0.219186	-0.0208142
9722	9817	0.221147	-0.0188527
9723	9818	0.222701	-0.0172992
9724	9819	0.223819	-0.0161806
9725	9820	0.224082	-0.0159184
9726	9821	0.224755	-0.0152445
9727	9822	0.224928	-0.0150717
9728	9823	0.2246	-0.0153997
9729	9824	0.224472	-0.0155283
9730	9825	0.223985	-0.0160152
9731	9826	0.223554	-0.0164458
9732	9827	0.223864	-0.0161364
9733	9828	0.224547	-0.0154526
9734	9829	0.225838	-0.0141616
9735	9830	0.227053	-0.0129471
9736	9831	0.228712	-0.0112877
9737	9832	0.230243	-0.00975698
9738	9833	0.231161	-0.00883945
9739	9834	0.231902	-0.00809835
9740	9835	0.232842	-0.00715783
9741	9836	0.233584	-0.00641574
9742	9837	0.234514	-0.00548608
9743	9838	0.23566	-0.00433963
9744	9839	0.236526	-0.00347405
9745	9840	0.237161	-0.00283943
9746	9841	0.237458	-0.00254214
9747	9842	0.237791	-0.00220927
9748	9843	0.238108	-0.0018924
9749	9844	0.237952	-0.00204776
9750	9845	0.2377	-0.00229997
9751	9846	0.237282	-0.00271831
9752	9847	0.236748	-0.00325194
9753	9848	0.236732	-0.00326826
9754	9849	0.236373	-0.00362746
9755	9850	0.235707	-0.00429336
9756	9851	0.234683	-0.00531672
9757	9852	0.233425	-0.00657492
9758	9853	0.2316	-0.00840013
9759	9854	0.229295	-0.010705
9760	9855	0.226609	-0.0133913
9761	9856	0.223339	-0.0166614
9762	9857	0.220474	-0.0195262
9763	9858	0.218008	-0.0219921
9764	9859	0.215904	-0.0240955
9765	9860	0.214002	-0.0259979
9766	9861	0.212072	-0.027928
9767	9862	0.210239	-0.0297606
9768	9863	0.208461	-0.0315393
9769	9864	0.207364	-0.0326363
9770	9865	0.2062	-0.0338003
9771	9866	0.205489	-0.0345113
9772	9867	0.20525	-0.0347504
9773	9868	0.205189	-0.034811
9774	9869	0.205625	-0.0343753
9775	9870	0.206361	-0.0336386
9776	9871	0.207482	-0.0325177
9777	9872	0.208795	-0.0312055
9778	9873	0.210386	-0.0296139
9779	9874	0.211615	-0.0283847
9780	9875	0.212533	-0.0274668
9781	9876	0.213389	-0.0266113
9782	9877	0.213737	-0.0262626
9783	9878	0.213727	-0.0262729
9784	9879	0.21414	-0.02586
9785	9880	0.21443	-0.0255695
9786	9881	0.21391	-0.0260903
9787	9882	0.213104	-0.026896
9788	9883	0.211809	-0.0281906
9789	9884	0.210137	-0.0298634
9790	9885	0.207985	-0.0320151
9791	9886	0.205885	-0.0341154
9792	9887	0.20344	-0.0365602
9793	9888	0.2013	-0.0386998
9794	9889	0.199389	-0.0406105
9795	9890	0.198063	-0.0419369
9796	9891	0.197168	-0.0428316
9797	9892	0.196444	-0.0435559
9798	9893	0.195568	-0.0444324
9799	9894	0.19468	-0.04532
9800	9895	0.19388	-0.0461204
9801	9896	0.192487	-0.0475134
9802	9897	0.191195	-0.0488046
