Start_Pos	End_Pos	Discriminant_Value	Distance from cutoff
373	564	0.191038	-0.0489617
374	565	0.192507	-0.0474931
375	566	0.193404	-0.0465964
376	567	0.193826	-0.0461742
377	568	0.193709	-0.0462912
378	569	0.193431	-0.0465686
379	570	0.192634	-0.0473659
380	571	0.191524	-0.0484762
381	572	0.19029	-0.0497097
1483	1674	0.191175	-0.048825
1484	1675	0.196311	-0.043689
1485	1676	0.195814	-0.0441859
3248	3439	0.192578	-0.0474218
3249	3440	0.20226	-0.0377401
3250	3441	0.207609	-0.0323913
3251	3442	0.208414	-0.0315862
3252	3443	0.204109	-0.0358914
3253	3444	0.193219	-0.0467805
3254	3445	0.19433	-0.0456699
3255	3446	0.195329	-0.0446713
3256	3447	0.196137	-0.0438633
3257	3448	0.19677	-0.0432302
3258	3449	0.197447	-0.0425526
3259	3450	0.197895	-0.0421054
3260	3451	0.198481	-0.0415188
3261	3452	0.198785	-0.0412146
3262	3453	0.198707	-0.0412932
3263	3454	0.198432	-0.0415681
3264	3455	0.198048	-0.0419516
3265	3456	0.197955	-0.042045
3266	3457	0.197169	-0.0428312
3267	3458	0.196218	-0.0437824
3268	3459	0.195223	-0.0447772
3269	3460	0.194368	-0.045632
3270	3461	0.193488	-0.0465123
3271	3462	0.193067	-0.0469326
3272	3463	0.192915	-0.0470855
3273	3464	0.192972	-0.0470282
3274	3465	0.193128	-0.0468723
3275	3466	0.19275	-0.0472502
3276	3467	0.192347	-0.0476531
3277	3468	0.191536	-0.0484643
3278	3469	0.190665	-0.0493347
3511	3702	0.190003	-0.0499968
3512	3703	0.190451	-0.0495495
3513	3704	0.190861	-0.0491386
3514	3705	0.190968	-0.0490316
3515	3706	0.191036	-0.048964
3516	3707	0.190971	-0.0490294
3517	3708	0.190907	-0.0490927
3518	3709	0.190711	-0.049289
3519	3710	0.190645	-0.0493554
3520	3711	0.190703	-0.0492971
3521	3712	0.190761	-0.0492395
3522	3713	0.190826	-0.0491735
3523	3714	0.191014	-0.0489865
3524	3715	0.191104	-0.0488959
3525	3716	0.19132	-0.0486802
3526	3717	0.191222	-0.0487776
3527	3718	0.191164	-0.0488361
3528	3719	0.190913	-0.0490874
3529	3720	0.190506	-0.0494945
3530	3721	0.190268	-0.0497319
3531	3722	0.190035	-0.0499647
4053	4244	0.190192	-0.0498084
4054	4245	0.190069	-0.0499312
4314	4505	0.190459	-0.0495412
4315	4506	0.191698	-0.0483022
4316	4507	0.192595	-0.0474051
4317	4508	0.193191	-0.0468094
4318	4509	0.193652	-0.0463479
4319	4510	0.193973	-0.0460273
4320	4511	0.194009	-0.0459913
4321	4512	0.193889	-0.046111
4322	4513	0.19367	-0.0463301
4323	4514	0.193196	-0.046804
4324	4515	0.192523	-0.0474766
4325	4516	0.191716	-0.048284
4326	4517	0.191015	-0.0489847
4327	4518	0.190546	-0.0494539
4328	4519	0.190142	-0.0498578
4367	4558	0.190422	-0.0495775
4368	4559	0.192018	-0.0479816
4369	4560	0.193564	-0.0464358
4370	4561	0.194995	-0.0450051
4371	4562	0.196325	-0.043675
4372	4563	0.197461	-0.0425393
4373	4564	0.198777	-0.041223
4374	4565	0.199887	-0.0401128
4375	4566	0.201301	-0.0386993
4376	4567	0.20197	-0.0380302
4377	4568	0.201898	-0.0381025
4378	4569	0.201908	-0.0380924
4379	4570	0.202003	-0.0379965
4380	4571	0.201959	-0.0380414
4381	4572	0.201699	-0.0383008
4382	4573	0.201153	-0.0388469
4383	4574	0.200897	-0.0391033
4384	4575	0.200766	-0.0392344
4385	4576	0.20085	-0.0391497
4386	4577	0.200892	-0.0391078
4387	4578	0.201154	-0.0388457
4388	4579	0.20183	-0.0381695
4389	4580	0.203316	-0.0366836
4390	4581	0.204577	-0.0354228
4391	4582	0.206118	-0.033882
4392	4583	0.207689	-0.0323107
4393	4584	0.209527	-0.0304729
4394	4585	0.211649	-0.0283515
4395	4586	0.213925	-0.0260746
4396	4587	0.215989	-0.0240112
4397	4588	0.21802	-0.0219805
4398	4589	0.219389	-0.0206107
4399	4590	0.220832	-0.019168
4400	4591	0.222182	-0.0178179
4401	4592	0.222841	-0.0171591
4402	4593	0.222914	-0.017086
4403	4594	0.222545	-0.017455
4404	4595	0.22202	-0.0179797
4405	4596	0.221295	-0.0187048
4406	4597	0.220218	-0.0197816
4407	4598	0.219035	-0.0209653
4408	4599	0.217405	-0.0225945
4409	4600	0.215796	-0.0242041
4410	4601	0.214004	-0.0259964
4411	4602	0.212145	-0.0278555
4412	4603	0.210012	-0.0299877
4413	4604	0.208301	-0.0316994
4414	4605	0.206824	-0.0331758
4415	4606	0.205658	-0.0343419
4416	4607	0.20475	-0.0352496
4417	4608	0.204135	-0.0358651
4418	4609	0.203532	-0.0364678
4419	4610	0.202751	-0.0372488
4420	4611	0.202241	-0.0377585
4421	4612	0.20162	-0.0383797
4422	4613	0.200891	-0.0391091
4423	4614	0.200095	-0.0399047
4424	4615	0.199556	-0.0404441
4425	4616	0.198915	-0.0410854
4426	4617	0.19822	-0.0417805
4427	4618	0.197438	-0.0425618
4428	4619	0.196659	-0.0433413
4429	4620	0.196303	-0.0436965
4430	4621	0.195805	-0.0441949
4431	4622	0.195614	-0.0443861
4432	4623	0.195473	-0.0445272
4433	4624	0.195478	-0.0445219
4434	4625	0.195683	-0.044317
4435	4626	0.196058	-0.0439417
4436	4627	0.19644	-0.0435598
4437	4628	0.196577	-0.0434226
4438	4629	0.196702	-0.0432984
4439	4630	0.19706	-0.0429395
4440	4631	0.197327	-0.0426728
4441	4632	0.197422	-0.0425781
4442	4633	0.197668	-0.0423321
4443	4634	0.197658	-0.0423416
4444	4635	0.197827	-0.0421733
4445	4636	0.198058	-0.0419421
4446	4637	0.198258	-0.0417418
4447	4638	0.198374	-0.0416257
4448	4639	0.19827	-0.04173
4449	4640	0.198358	-0.0416422
4450	4641	0.19856	-0.0414397
4451	4642	0.199001	-0.0409989
4452	4643	0.199439	-0.0405615
4453	4644	0.19992	-0.0400803
4454	4645	0.200235	-0.0397649
4455	4646	0.200515	-0.0394846
4456	4647	0.200927	-0.0390726
4457	4648	0.201252	-0.0387477
4458	4649	0.201453	-0.0385471
4459	4650	0.201606	-0.0383937
4460	4651	0.201976	-0.0380243
4461	4652	0.202812	-0.0371878
4462	4653	0.203415	-0.0365853
4463	4654	0.203749	-0.0362509
4464	4655	0.204024	-0.0359765
4465	4656	0.204026	-0.0359736
4466	4657	0.204022	-0.035978
4467	4658	0.204218	-0.0357822
4468	4659	0.204233	-0.0357672
4469	4660	0.204219	-0.0357809
4470	4661	0.203502	-0.0364984
4471	4662	0.202808	-0.0371918
4472	4663	0.202117	-0.0378832
4473	4664	0.201348	-0.0386519
4474	4665	0.200871	-0.0391295
4475	4666	0.200495	-0.0395049
4476	4667	0.200196	-0.0398036
4477	4668	0.199758	-0.0402418
4478	4669	0.199581	-0.0404194
4479	4670	0.199273	-0.0407274
4480	4671	0.19897	-0.0410303
4481	4672	0.198594	-0.0414056
4482	4673	0.198333	-0.0416669
4483	4674	0.213781	-0.0262187
4484	4675	0.221418	-0.0185823
4485	4676	0.221148	-0.0188521
4486	4677	0.214564	-0.0254365
4487	4678	0.202305	-0.0376946
5078	5269	0.190224	-0.0497761
5079	5270	0.19047	-0.0495298
5080	5271	0.190576	-0.0494237
5081	5272	0.190473	-0.0495265
5082	5273	0.190289	-0.0497112
5083	5274	0.190404	-0.0495961
5084	5275	0.190173	-0.0498273
5085	5276	0.190084	-0.0499155
6631	6822	0.191051	-0.0489487
6632	6823	0.1928	-0.0472003
6633	6824	0.194437	-0.0455626
6634	6825	0.19578	-0.04422
6635	6826	0.196894	-0.043106
6636	6827	0.197598	-0.0424025
6637	6828	0.198041	-0.0419587
6638	6829	0.198133	-0.0418665
6639	6830	0.197914	-0.0420859
6640	6831	0.197746	-0.0422536
6641	6832	0.197623	-0.0423771
6642	6833	0.197435	-0.0425647
6643	6834	0.197209	-0.0427912
6644	6835	0.196892	-0.043108
6645	6836	0.196489	-0.0435105
6646	6837	0.196153	-0.0438472
6647	6838	0.196359	-0.0436411
6648	6839	0.196697	-0.0433028
6649	6840	0.19727	-0.0427296
6650	6841	0.198057	-0.0419434
6651	6842	0.198513	-0.0414869
6652	6843	0.19912	-0.04088
6653	6844	0.199673	-0.040327
6654	6845	0.200121	-0.0398788
6655	6846	0.200717	-0.0392828
6656	6847	0.201171	-0.0388291
6657	6848	0.20147	-0.0385299
6658	6849	0.201612	-0.0383882
6659	6850	0.201775	-0.0382251
6660	6851	0.20178	-0.0382203
6661	6852	0.201624	-0.0383758
6662	6853	0.201652	-0.038348
6663	6854	0.201574	-0.0384262
6664	6855	0.201229	-0.0387715
6665	6856	0.200553	-0.0394474
6666	6857	0.19974	-0.0402596
6667	6858	0.199054	-0.0409462
6668	6859	0.198368	-0.0416322
6669	6860	0.197811	-0.042189
6670	6861	0.197014	-0.0429859
6671	6862	0.196609	-0.0433909
6672	6863	0.195689	-0.0443114
6673	6864	0.194819	-0.0451809
6674	6865	0.194198	-0.0458022
6675	6866	0.19378	-0.0462203
6676	6867	0.193617	-0.046383
6677	6868	0.19407	-0.0459304
6678	6869	0.194537	-0.045463
6679	6870	0.194928	-0.0450717
6680	6871	0.19519	-0.0448102
6681	6872	0.195548	-0.0444519
6682	6873	0.196155	-0.0438454
6683	6874	0.196654	-0.0433457
6684	6875	0.197294	-0.0427064
6685	6876	0.197902	-0.0420981
6686	6877	0.198536	-0.0414645
6687	6878	0.198767	-0.0412328
6688	6879	0.199137	-0.0408635
6689	6880	0.199379	-0.040621
6690	6881	0.199456	-0.0405437
6691	6882	0.199474	-0.0405262
6692	6883	0.199334	-0.0406663
6693	6884	0.199802	-0.0401975
6694	6885	0.199983	-0.040017
6695	6886	0.200325	-0.0396748
6696	6887	0.200758	-0.0392424
6697	6888	0.201213	-0.0387873
6698	6889	0.201652	-0.0383484
6699	6890	0.202063	-0.0379375
6700	6891	0.202166	-0.037834
6701	6892	0.202402	-0.037598
6702	6893	0.202261	-0.0377388
6703	6894	0.202244	-0.0377556
6704	6895	0.202311	-0.0376888
6705	6896	0.20221	-0.0377898
6706	6897	0.202206	-0.0377943
6707	6898	0.202261	-0.0377387
6708	6899	0.202465	-0.0375347
6709	6900	0.203025	-0.0369747
6710	6901	0.203658	-0.0363416
6711	6902	0.204031	-0.0359686
6712	6903	0.204729	-0.0352708
6713	6904	0.205338	-0.0346621
6714	6905	0.205944	-0.0340558
6715	6906	0.206946	-0.0330538
6716	6907	0.207766	-0.0322336
6717	6908	0.2085	-0.0315004
6718	6909	0.209436	-0.0305643
6719	6910	0.210363	-0.0296366
6720	6911	0.211412	-0.0285878
6721	6912	0.212226	-0.0277741
6722	6913	0.213196	-0.0268043
6723	6914	0.213723	-0.0262771
6724	6915	0.213658	-0.0263424
6725	6916	0.213494	-0.0265064
6726	6917	0.21311	-0.0268901
6727	6918	0.212611	-0.0273889
6728	6919	0.211911	-0.0280891
6729	6920	0.211439	-0.0285614
6730	6921	0.211087	-0.0289126
6731	6922	0.210774	-0.0292258
6732	6923	0.209993	-0.030007
6733	6924	0.209285	-0.0307154
6734	6925	0.208773	-0.0312268
6735	6926	0.20866	-0.0313401
6736	6927	0.20878	-0.0312202
6737	6928	0.209479	-0.0305213
6738	6929	0.210237	-0.029763
6739	6930	0.210924	-0.0290765
6740	6931	0.211971	-0.0280293
6741	6932	0.213265	-0.0267345
6742	6933	0.214437	-0.0255633
6743	6934	0.215515	-0.0244848
6744	6935	0.216497	-0.0235026
6745	6936	0.217185	-0.0228151
6746	6937	0.217948	-0.022052
6747	6938	0.218458	-0.0215418
6748	6939	0.218727	-0.0212729
6749	6940	0.219068	-0.0209324
6750	6941	0.219303	-0.0206974
6751	6942	0.219586	-0.0204141
6752	6943	0.219952	-0.0200482
6753	6944	0.220126	-0.0198738
6754	6945	0.220262	-0.0197384
6755	6946	0.220311	-0.0196892
6756	6947	0.220499	-0.0195013
6757	6948	0.221084	-0.0189159
6758	6949	0.221461	-0.0185395
6759	6950	0.221844	-0.0181557
6760	6951	0.221835	-0.018165
6761	6952	0.221805	-0.0181955
6762	6953	0.222083	-0.0179173
6763	6954	0.222389	-0.017611
6764	6955	0.22277	-0.0172304
6765	6956	0.223524	-0.0164757
6766	6957	0.224164	-0.0158362
6767	6958	0.224902	-0.0150985
6768	6959	0.225423	-0.014577
6769	6960	0.225659	-0.0143407
6770	6961	0.225823	-0.0141769
6771	6962	0.22592	-0.0140796
6772	6963	0.226073	-0.0139274
6773	6964	0.226361	-0.0136387
6774	6965	0.227	-0.0129996
6775	6966	0.227496	-0.0125043
6776	6967	0.227867	-0.0121327
6777	6968	0.228083	-0.0119175
6778	6969	0.228448	-0.0115521
6779	6970	0.228626	-0.0113741
6780	6971	0.228273	-0.011727
6781	6972	0.227679	-0.0123212
6782	6973	0.226834	-0.0131655
6783	6974	0.226081	-0.0139195
6784	6975	0.225371	-0.014629
6785	6976	0.224645	-0.0153554
6786	6977	0.224013	-0.0159868
6787	6978	0.223304	-0.0166957
6788	6979	0.22217	-0.0178304
6789	6980	0.220781	-0.0192185
6790	6981	0.219169	-0.020831
6791	6982	0.218023	-0.0219772
6792	6983	0.217049	-0.0229512
6793	6984	0.216344	-0.0236558
6794	6985	0.216339	-0.0236608
6795	6986	0.216477	-0.0235235
6796	6987	0.21688	-0.0231198
6797	6988	0.217103	-0.0228973
6798	6989	0.217337	-0.0226632
6799	6990	0.217707	-0.0222929
6800	6991	0.218025	-0.0219751
6801	6992	0.218248	-0.0217524
6802	6993	0.218171	-0.0218294
6803	6994	0.218249	-0.0217509
6804	6995	0.21845	-0.0215499
6805	6996	0.218822	-0.0211779
6806	6997	0.218931	-0.0210687
6807	6998	0.219098	-0.0209024
6808	6999	0.219472	-0.0205275
6809	7000	0.219769	-0.0202309
6810	7001	0.220068	-0.0199319
6811	7002	0.220639	-0.0193607
6812	7003	0.221304	-0.0186957
6813	7004	0.22209	-0.0179103
6814	7005	0.222762	-0.0172381
6815	7006	0.223457	-0.0165426
6816	7007	0.224204	-0.0157963
6817	7008	0.224446	-0.0155537
6818	7009	0.224552	-0.0154477
6819	7010	0.224483	-0.0155166
6820	7011	0.224308	-0.015692
6821	7012	0.224094	-0.0159062
6822	7013	0.223444	-0.0165562
6823	7014	0.222468	-0.0175318
6824	7015	0.221423	-0.0185772
6825	7016	0.22055	-0.01945
6826	7017	0.219904	-0.0200962
6827	7018	0.219546	-0.0204544
6828	7019	0.219315	-0.0206846
6829	7020	0.219519	-0.0204807
6830	7021	0.21997	-0.0200304
6831	7022	0.220634	-0.0193665
6832	7023	0.221576	-0.0184235
6833	7024	0.222582	-0.0174185
6834	7025	0.223346	-0.0166542
6835	7026	0.224259	-0.0157413
6836	7027	0.225434	-0.0145659
6837	7028	0.226701	-0.0132994
6838	7029	0.228057	-0.0119428
6839	7030	0.228944	-0.0110563
6840	7031	0.229708	-0.0102923
6841	7032	0.230098	-0.00990156
6842	7033	0.230123	-0.00987728
6843	7034	0.230046	-0.00995375
6844	7035	0.229406	-0.0105939
6845	7036	0.22867	-0.0113302
6846	7037	0.228052	-0.0119481
6847	7038	0.227429	-0.0125713
6848	7039	0.226548	-0.0134516
6849	7040	0.225687	-0.0143125
6850	7041	0.227933	-0.012067
6851	7042	0.228278	-0.011722
6852	7043	0.226862	-0.013138
6853	7044	0.224614	-0.015386
6854	7045	0.220731	-0.0192692
6855	7046	0.216089	-0.0239111
6856	7047	0.21085	-0.0291498
6857	7048	0.20575	-0.0342499
6858	7049	0.200834	-0.0391658
6859	7050	0.195979	-0.0440212
6860	7051	0.191778	-0.0482222
7674	7865	0.191587	-0.0484133
7675	7866	0.193541	-0.0464593
7676	7867	0.19489	-0.0451103
7677	7868	0.195234	-0.0447658
7678	7869	0.194309	-0.0456914
7679	7870	0.192471	-0.0475289
7680	7871	0.197605	-0.0423951
7681	7872	0.200783	-0.0392173
7682	7873	0.201487	-0.0385129
7683	7874	0.20058	-0.0394196
7684	7875	0.197457	-0.0425433
7685	7876	0.192953	-0.047047
8668	8859	0.190363	-0.0496371
8669	8860	0.190929	-0.0490711
8670	8861	0.191738	-0.0482618
8671	8862	0.192405	-0.0475949
8672	8863	0.192884	-0.0471156
8673	8864	0.193144	-0.0468559
8674	8865	0.19323	-0.0467704
8675	8866	0.193244	-0.0467563
8676	8867	0.19284	-0.0471602
8677	8868	0.192177	-0.047823
8678	8869	0.19152	-0.04848
8679	8870	0.190714	-0.0492858
9379	9570	0.190972	-0.0490281
9380	9571	0.192497	-0.0475033
9381	9572	0.193628	-0.0463722
9382	9573	0.194768	-0.0452319
9383	9574	0.195918	-0.0440816
9384	9575	0.196869	-0.0431309
9385	9576	0.197546	-0.0424537
9386	9577	0.197819	-0.0421807
9387	9578	0.197868	-0.0421324
9388	9579	0.197787	-0.0422126
9389	9580	0.197352	-0.0426481
9390	9581	0.196521	-0.0434786
9391	9582	0.196121	-0.0438785
9392	9583	0.195783	-0.0442173
9393	9584	0.195079	-0.044921
9394	9585	0.195107	-0.0448929
9395	9586	0.195309	-0.0446913
9396	9587	0.195856	-0.0441439
9397	9588	0.196414	-0.0435865
9398	9589	0.197212	-0.0427876
9399	9590	0.198138	-0.0418624
9400	9591	0.199264	-0.0407364
9401	9592	0.20059	-0.0394095
9402	9593	0.201819	-0.0381809
9403	9594	0.202791	-0.0372089
9404	9595	0.203812	-0.0361876
9405	9596	0.204366	-0.0356339
9406	9597	0.204694	-0.035306
9407	9598	0.204888	-0.0351121
9408	9599	0.20481	-0.0351902
9409	9600	0.20465	-0.03535
9410	9601	0.20437	-0.0356297
9411	9602	0.203911	-0.0360893
9412	9603	0.203605	-0.0363953
9413	9604	0.203351	-0.0366487
9414	9605	0.202731	-0.0372687
9415	9606	0.201956	-0.0380439
9416	9607	0.2016	-0.0384001
9417	9608	0.201075	-0.0389254
9418	9609	0.200704	-0.0392959
9419	9610	0.20076	-0.0392403
9420	9611	0.20095	-0.0390499
9421	9612	0.201129	-0.0388714
9422	9613	0.201121	-0.0388788
9423	9614	0.201153	-0.0388471
9424	9615	0.201393	-0.0386068
9425	9616	0.201263	-0.0387367
9426	9617	0.201125	-0.0388749
9427	9618	0.200984	-0.0390164
9428	9619	0.200843	-0.0391568
9429	9620	0.200999	-0.0390008
9430	9621	0.201034	-0.0389657
9431	9622	0.200757	-0.0392431
9432	9623	0.200376	-0.0396244
9433	9624	0.199817	-0.0401829
9434	9625	0.199033	-0.040967
9435	9626	0.198096	-0.0419037
9436	9627	0.197033	-0.0429672
9437	9628	0.196262	-0.0437382
9438	9629	0.195639	-0.0443611
9439	9630	0.195103	-0.0448975
9440	9631	0.194798	-0.0452023
9441	9632	0.194551	-0.0454492
9442	9633	0.193945	-0.046055
9443	9634	0.193234	-0.046766
9444	9635	0.192331	-0.0476692
9445	9636	0.191585	-0.0484146
9446	9637	0.190705	-0.0492953
9565	9756	0.190176	-0.0498241
9566	9757	0.190736	-0.0492641
9567	9758	0.191311	-0.0486892
9568	9759	0.191568	-0.0484324
9569	9760	0.192047	-0.047953
9570	9761	0.192659	-0.0473414
9571	9762	0.193184	-0.0468162
9572	9763	0.193837	-0.046163
9573	9764	0.194544	-0.0454559
9574	9765	0.195078	-0.0449224
9575	9766	0.195276	-0.0447238
9576	9767	0.195371	-0.0446288
9577	9768	0.195327	-0.0446726
9578	9769	0.195565	-0.0444353
9579	9770	0.195637	-0.0443634
9580	9771	0.19565	-0.0443505
9581	9772	0.195713	-0.044287
9582	9773	0.195992	-0.0440079
9583	9774	0.196119	-0.0438809
9584	9775	0.196014	-0.043986
9585	9776	0.195936	-0.0440643
9586	9777	0.195328	-0.0446724
9587	9778	0.194699	-0.0453013
9588	9779	0.19367	-0.0463304
9589	9780	0.192628	-0.0473722
9590	9781	0.191502	-0.0484975
9591	9782	0.190237	-0.0497632
9611	9802	0.190618	-0.0493822
9612	9803	0.191531	-0.0484686
9613	9804	0.192075	-0.0479249
9614	9805	0.192872	-0.0471275
9615	9806	0.1936	-0.0464003
9616	9807	0.194682	-0.0453179
9617	9808	0.196083	-0.0439171
9618	9809	0.197513	-0.0424875
9619	9810	0.199398	-0.0406018
9620	9811	0.201189	-0.0388108
9621	9812	0.20314	-0.0368602
9622	9813	0.205084	-0.0349164
9623	9814	0.206513	-0.0334869
9624	9815	0.207466	-0.0325338
9625	9816	0.208134	-0.0318662
9626	9817	0.208823	-0.0311773
9627	9818	0.209309	-0.030691
9628	9819	0.209472	-0.0305279
9629	9820	0.209035	-0.0309652
9630	9821	0.208765	-0.0312355
9631	9822	0.208265	-0.0317349
9632	9823	0.207524	-0.0324758
9633	9824	0.206925	-0.0330746
9634	9825	0.206172	-0.033828
9635	9826	0.205253	-0.0347472
9636	9827	0.204619	-0.0353807
9637	9828	0.204182	-0.0358178
9638	9829	0.204429	-0.0355706
9639	9830	0.204794	-0.0352061
9640	9831	0.205068	-0.0349318
9641	9832	0.205757	-0.0342428
9642	9833	0.206382	-0.0336179
9643	9834	0.207077	-0.0329233
9644	9835	0.207954	-0.0320456
9645	9836	0.208944	-0.0310559
9646	9837	0.210176	-0.0298241
9647	9838	0.211431	-0.0285693
9648	9839	0.212597	-0.0274028
9649	9840	0.213543	-0.0264569
9650	9841	0.214464	-0.025536
9651	9842	0.215362	-0.0246378
9652	9843	0.216354	-0.0236459
9653	9844	0.216993	-0.0230071
9654	9845	0.217539	-0.022461
9655	9846	0.218009	-0.0219908
9656	9847	0.21832	-0.0216795
9657	9848	0.218799	-0.021201
9658	9849	0.21932	-0.0206795
9659	9850	0.21962	-0.0203797
9660	9851	0.219741	-0.0202588
9661	9852	0.219488	-0.0205118
9662	9853	0.218942	-0.021058
9663	9854	0.218095	-0.0219051
9664	9855	0.216828	-0.0231716
9665	9856	0.215469	-0.0245307
9666	9857	0.214503	-0.0254968
9667	9858	0.213655	-0.0263451
9668	9859	0.212677	-0.0273229
9669	9860	0.211703	-0.0282971
9670	9861	0.210646	-0.0293543
9671	9862	0.209516	-0.0304837
9672	9863	0.208385	-0.0316147
9673	9864	0.207667	-0.0323326
9674	9865	0.206959	-0.0330406
9675	9866	0.206568	-0.0334316
9676	9867	0.206604	-0.0333955
9677	9868	0.206874	-0.0331262
9678	9869	0.207179	-0.0328214
9679	9870	0.207578	-0.0324215
9680	9871	0.207998	-0.0320023
9681	9872	0.20805	-0.0319497
9682	9873	0.208077	-0.0319227
9683	9874	0.207973	-0.0320268
9684	9875	0.207557	-0.0324435
9685	9876	0.2072	-0.0328004
9686	9877	0.206649	-0.0333511
9687	9878	0.205912	-0.0340884
9688	9879	0.205267	-0.0347328
9689	9880	0.204215	-0.0357855
9690	9881	0.203189	-0.0368111
9691	9882	0.202026	-0.0379739
9692	9883	0.200514	-0.0394862
9693	9884	0.199118	-0.040882
9694	9885	0.197676	-0.0423245
9695	9886	0.196728	-0.0432721
9696	9887	0.195757	-0.0442431
9697	9888	0.195123	-0.0448768
9698	9889	0.194789	-0.045211
9699	9890	0.194458	-0.0455416
9700	9891	0.194106	-0.0458941
9701	9892	0.193718	-0.0462821
9702	9893	0.193145	-0.0468547
9703	9894	0.192225	-0.0477754
9704	9895	0.191511	-0.0484891
9705	9896	0.190687	-0.0493132
